   |-- Port01 FP (2 read op) --|--LATENCY--IIDOMAIN--FFDOMAIN--IFDOMAIN--FIDOMAIN-----PORT0----PORT1-----PORT01----PORT03-----PORT2----PORT12----PORT23--PORT0123----PORT45------LDs-
  1|VMULPD x<-x1 x1            |   300070,   700077,   500092,   700077,   700114,  1200058,  1200280,  1605208,  1305064,  1000184,  1275094,   800199,  1250156,   800162,   800125,
  2|VMULPD y<-y1 y1            |   300181,   700114,   500129,   700077,   700077,  1200132,  1200243,  1609278,  1306026,  1006511,  1275094,   800125,  1252043,   800125,   824878,
  3|VMULPS x<-x1 x1            |   300144,   700077,   500092,   700077,   700114,  1200095,  1200280,  1600102,  1306026,  1000110,  1275168,   800199,  1255891,   800162,   844488,
  4|VMULPS y<-y1 y1            |   300033,   700040,   500129,   700114,   700114,  1200095,  1200317,  1600102,  1306063,  1000147,  1281939,   800199,  1251969,   800162,   800162,
  5|VMULSD x<-x1 x1            |   300107,   700114,   500129,   700151,   700114,  1200095,  1200243,  1600139,  1306026,  1000147,  1275131,   800125,  1255854,   800162,   801272,
  6|VMULSS x<-x1 x1            |   300144,   700077,   500055,   700077,   700114,  1200058,  1200317,  1600176,  1306026,  1000147,  1275094,   800236,  1258629,   800162,   822621,
  7|VRCPPS x<-x                |   300107,   700114,   500055,   700077,   700114,  1200095,  1200280,  1604801,  1306026,  1000184,  1275131,   800125,  1264660,   800199,   820031,
  8|VRCPPS y<-y                |   300107,   700077,   500092,   700077,   700114,  1200132,  1200280,  1604579,  1306026,  1000184,  1275094,   805675,  1265622,   800125,   800162,
  9|VRCPSS x<-x1 x1            |   300070,   700114,   500055,   700077,   700077,  1200095,  1200280,  1600102,  1306026,  1000110,  1275131,   800125,  1264623,   800125,   835238,
 10|VRSQRTPS x<-x              |   304251,   700040,   500092,   700151,   700114,  1200095,  1200243,  1600065,  1305989,  1000110,  1281976,   805749,  1265659,   800162,   800458,
 11|VRSQRTPS y<-y              |   300144,   700077,   500055,   700114,   700077,  1200095,  1206274,  1604505,  1306026,  1000184,  1275168,   800236,  1266584,   800162,   819698,
 12|VRSQRTSS x<-x1 x1          |   300144,   700077,   500055,   700040,   700114,  1200095,  1200243,  1605800,  1311872,  1000221,  1281976,   800125,  1265659,   800199,   806378,
   |---- Port01 (3 read op) ---|--LATENCY--IIDOMAIN--FFDOMAIN--IFDOMAIN--FIDOMAIN-----PORT0----PORT1-----PORT01----PORT03-----PORT2----PORT12----PORT23--PORT0123----PORT45------LDs-
 14|VPBLENDVB x1<-x1 x1 x1     |   100122,   300107,   500055,   500092,   500055,  1200095,  1200243,  1612349,  1305989,  1000110,  1259036,   800162,  1200243,  1587300,   800532,
 15|VPBLENDVB y1<-y1 y1 y1     |   100196,   300033,   500055,   500055,   500055,  1200095,  1200280,  1604468,  1310651,  1000110,  1255151,   800162,  1200243,  1576829,   816849,
 16|VBLENDVPD x1<-x1 x1 x1     |   100122,   500055,   300144,   500055,   500166,  1200132,  1200243,  1600139,  1305989,  1006363,  1255151,   800125,  1225958,  1576866,   800236,
 17|VBLENDVPD y1<-y1 y1 y1     |   100122,   500055,   300070,   500092,   500092,  1205423,  1200317,  1600102,  1321418,  1000480,  1255225,   800162,  1200132,  1602951,   800273,
 18|VBLENDVPS x1<-x1 x1 x1     |   100159,   500129,   300033,   500092,   500055,  1200095,  1200280,  1600065,  1305989,  1000221,  1250082,   800125,  1200243,  1582379,   808561,
 19|VBLENDVPS y1<-y1 y1 y1     |   100159,   500055,   300144,   500055,   500092,  1200095,  1200243,  1600102,  1305989,  1000147,  1255225,   800125,  1200243,  1580973,   813556,
 20|VPBLENDVB x1<-x1 x2 x3     |   100159,   300107,   500129,   500092,   500055,  1200095,  1200280,  1605467,  1411809,  1000184,  1323083,   800199,  1200169,  1564027,   816590,
 21|VPBLENDVB y1<-x1 y2 y3     |   100159,   300107,   500018,   500129,   500055,  1200132,  1204868,  1613348,  1416397,  1000147,  1323009,   800162,  1200206,  1557182,   813223,
 22|VBLENDVPD x1<-x1 x2 x3     |   100159,   500055,   300144,   505272,   500092,  1200095,  1204387,  1604616,  1400154,  1000221,  1323046,   800125,  1225958,  1558551,   817182,
 23|VBLENDVPD y1<-x1 y2 y3     |   100159,   500092,   300144,   500055,   500092,  1200095,  1200317,  1604690,  1400154,  1000147,  1323083,   800125,  1238760,  1563990,   800236,
 24|VBLENDVPS x1<-x1 x2 x3     |   100159,   500129,   300107,   500129,   500092,  1200095,  1200280,  1600065,  1416397,  1000147,  1297738,   800199,  1200169,  1563953,   800791,
 25|VBLENDVPS y1<-x1 y2 y3     |   100159,   500055,   300033,   500055,   500055,  1200058,  1200317,  1600102,  1411809,  1000110,  1323009,   800162,  1200169,  1557219,   800199,
 26|VFMADDSUB132PD x1<-x1 x1 x1|   400118,   800162,   600066,   800088,   800051,  1200169,  1200317,  1600065,  1343655,  1000147,  1290116,   800125,  1290153,  1150256,   808524,
 27|VFMADDSUB132PD y1<-y1 y1 y1|   405853,   800051,   600103,   800088,   800051,  1200095,  1200280,  1600102,  1349242,  1000221,  1300106,   850112,  1292521,   800125,   816923,
 28|VFMADDSUB132PS x1<-x1 x1 x1|   400044,   800088,   600103,   800088,   800088,  1200132,  1200317,  1600176,  1343729,  1007214,  1280089,   850112,  1200169,   800162,   811706,
 29|VFMADDSUB132PS y1<-y1 y1 y1|   400118,   800088,   600103,   800088,   800088,  1200095,  1200243,  1600102,  1348058,  1000110,  1300180,   850186,  1287674,   800125,   800569,
 30|VFMADD132SD x1<-x1 x1 x1   |   400044,   800088,   600066,   804417,   800051,  1200169,  1200243,  1605245,  1343655,  1000110,  1290079,   800162,  1287674,  1150182,   825322,
 31|VFMADD132SS x1<-x1 x1 x1   |   400081,   800088,   600066,   800051,   800088,  1200095,  1200280,  1604949,  1343692,  1000184,  1287304,   850149,  1284381,   800162,   800162,
 32|VFMADDSUB213PD x1<-x1 x1 x1|   400044,   800088,   600140,   800051,   800051,  1200095,  1200280,  1604875,  1343692,  1000147,  1290116,   850112,  1200169,   800162,   800162,
 33|VFMADDSUB213PD y1<-y1 y1 y1|   400044,   800088,   600066,   800051,   800088,  1200132,  1217115,  1600102,  1343655,  1000110,  1290116,   850149,  1294001,   800125,   802382,
 34|VFMADDSUB213PS x1<-x1 x1 x1|   400044,   800088,   600103,   800088,   800088,  1200058,  1213526,  1605763,  1343618,  1000110,  1290079,   800162,  1290153,  1150145,   800273,
 35|VFMADDSUB213PS y1<-y1 y1 y1|   400044,   800051,   604950,   800051,   800088,  1200132,  1200243,  1600176,  1343618,  1000147,  1300106,   855699,  1290375,   800199,   800532,
 36|VFMADD213SD x1<-x1 x1 x1   |   400044,   800088,   600066,   800051,   800088,  1200169,  1200317,  1600065,  1343618,  1000110,  1300143,   850149,  1200206,   806526,   884929,
 37|VFMADD213SS x1<-x1 x1 x1   |   400081,   800051,   600066,   812779,   800088,  1200169,  1200280,  1600102,  1350981,  1000221,  1290116,   856069,  1287711,   800125,   800199,
 38|VFMADDSUB231PD x1<-x1 x1 x1|   400044,   800088,   600103,   804195,   800088,  1200132,  1200280,  1600102,  1342545,  1000110,  1290116,   800162,  1293631,   845154,   830872,
 39|VFMADDSUB231PD y1<-y1 y1 y1|   400081,   800051,   600066,   800088,   800088,  1200095,  1200243,  1600139,  1343692,  1000221,  1300106,   850186,  1284381,   800125,   822510,
 40|VFMADDSUB231PS x1<-x1 x1 x1|   400081,   800051,   600103,   800088,   800088,  1200132,  1200243,  1600139,  1343692,  1011617,  1280200,   850149,  1200169,   800162,   806230,
 41|VFMADDSUB231PS y1<-y1 y1 y1|   400081,   800125,   600103,   800088,   800088,  1200132,  1200317,  1613718,  1343692,  1000184,  1300143,   850149,  1287711,   800162,   800125,
 42|VFMADD231SD x1<-x1 x1 x1   |   400155,   800088,   600103,   804491,   800051,  1200058,  1200317,  1600102,  1343618,  1000110,  1290079,   812002,  1287674,  1150145,   800199,
 43|VFMADD231SS x1<-x1 x1 x1   |   400081,   800051,   600066,   800051,   800051,  1204757,  1204350,  1610684,  1343618,  1000147,  1296776,   855366,  1292484,   806082,   800199,
 44|VFMADDSUB132PD x1<-x1 x2 x3|   400118,   800088,   605579,   800125,   800088,  1378620,  1371294,  1600139,  1405408,  1104191,  1392014,  1100195,  1221592,  1438671,  1066821,
 45|VFMADDSUB132PD y1<-y1 y2 y3|   400081,   800125,   600103,   800051,   800088,  1378694,  1373514,  1605800,  1400228,  1102489,  1388832,  1100195,  1276278,  1438671,  1066784,
 46|VFMADDSUB132PS x1<-x1 x2 x3|   400118,   800125,   600066,   800125,   800051,  1378620,  1372552,  1610055,  1400191,  1104191,  1400043,  1066784,  1288266,  1426313,  1066784,
 47|VFMADD132SD x1<-x1 x2 x3   |   400081,   804380,   600066,   800088,   800051,  1378620,  1375956,  1605874,  1400302,  1102526,  1388869,  1100195,  1221555,  1438597,  1066784,
 48|VFMADD132SS x1<-x1 x2 x3   |   400118,   800088,   600103,   800051,   800125,  1376844,  1372256,  1600102,  1405112,  1104191,  1390127,  1100084,  1276315,  1438634,  1066858,
 49|VFMADDSUB132PS y1<-y1 y2 y3|   400081,   800125,   604506,   800051,   800088,  1378583,  1375845,  1604690,  1400228,  1102452,  1390127,  1100084,  1259406,  1438597,  1066784,
 50|VFMADDSUB213PD x1<-x1 x2 x3|   400044,   800088,   600103,   800088,   800125,  1383578,  1375882,  1600139,  1400265,  1102526,  1402744,  1066784,  1281569,  1100306,  1066821,
 51|VFMADDSUB213PD y1<-y1 y2 y3|   400081,   800125,   600103,   800051,   800051,  1324452,  1375179,  1600176,  1400228,  1104228,  1390053,  1100084,  1264993,  1096199,  1072593,
 52|VFMADDSUB213PS x1<-x1 x2 x3|   400155,   800051,   600066,   804195,   800051,  1378583,  1374143,  1605467,  1400117,  1102489,  1399229,  1100084,  1221629,  1096199,  1066784,
 53|VFMADDSUB213PS y1<-y1 y2 y3|   400155,   800051,   600103,   800051,   800088,  1378657,  1372626,  1600102,  1400228,  1104228,  1390090,  1100121,  1279904,  1096310,  1066784,
 54|VFMADD213SD x1<-x1 x2 x3   |   400044,   800051,   600066,   800125,   800162,  1387352,  1373181,  1604727,  1405075,  1104302,  1400006,  1066821,  1279904,  1096273,  1066784,
 55|VFMADD213SS x1<-x1 x2 x3   |   400118,   800051,   600103,   800088,   800051,  1383393,  1371627,  1600102,  1400191,  1104228,  1390090,  1100084,  1253597,  1096199,  1066784,
 56|VFMADDSUB231PD x1<-x1 x2 x3|   400044,   804713,   600103,   800051,   800051,  1382505,  1372441,  1604579,  1400265,  1102489,  1399266,  1100121,  1221555,  1566469,  1066858,
 57|VFMADDSUB231PD y1<-y1 y2 y3|   400118,   800051,   613053,   800088,   800051,  1351055,  1372441,  1600102,  1404927,  1104228,  1397712,  1100084,  1276241,  1566432,  1066821,
 58|VFMADDSUB231PS x1<-x1 x2 x3|   400118,   804935,   600066,   800125,   800051,  1378102,  1375882,  1600065,  1400228,  1102489,  1400117,  1066821,  1279941,  1579012,  1066858,
 59|VFMADDSUB231PS y1<-y1 y2 y3|   400044,   800125,   600066,   800125,   800051,  1378657,  1375845,  1600139,  1400265,  1104191,  1399599,  1100158,  1253190,  1566395,  1066821,
 60|VFMADD231SD x1<-x1 x1 x1   |   400118,   800088,   600103,   804158,   800051,  1379471,  1375882,  1600065,  1400302,  1108557,  1390201,  1100195,  1221592,  1566506,  1066784,
 61|VFMADD231SS x1<-x1 x1 x1   |   400155,   800125,   600103,   800051,   800051,  1377103,  1372404,  1600065,  1415990,  1104265,  1408775,  1100158,  1276241,  1566432,  1066858,
   |-------- Port23 FP --------|--LATENCY--IIDOMAIN--FFDOMAIN--IFDOMAIN--FIDOMAIN-----PORT0----PORT1-----PORT01----PORT03-----PORT2----PORT12----PORT23--PORT0123----PORT45------LDs-
 63|VADDPD x<-x1 x1            |   300107,   700077,   500055,   700077,   700077,   800125,   800273,   800199,  1310762,  1554592,  1275094,  1600176,  1264660,   800199,   801494,
 64|VADDPD y<-y1 y1            |   300144,   700077,   500092,   700077,   700077,   800162,   800310,   800125,  1333443,  1554777,  1275168,  1604727,  1265659,   838568,   800236,
 65|VADDPS x<-x1 x1            |   300144,   700114,   500092,   700077,   700114,   800125,   800273,   805823,  1311835,  1554518,  1275094,  1600139,  1264586,   800125,   835460,
 66|VADDPS y<-y1 y1            |   300144,   700114,   500055,   700077,   704628,   800162,   800273,   800199,  1311724,  1554777,  1275094,  1604764,  1265696,   800125,   820882,
 67|VADDSD x<-x1 x1            |   300144,   700151,   500092,   700114,   700151,   800125,   800273,   800125,  1333443,  1554444,  1275131,  1604875,  1264623,   800162,   800310,
 68|VADDSS x<-x1 x1            |   300107,   700077,   500055,   700077,   700114,   800125,   800310,   800162,  1314129,  1554555,  1275168,  1600065,  1260183,   800199,   809190,
 69|VSUBPD x<-x1 x1            |   300033,   700077,   500055,   700077,   700077,   800162,   800310,   800162,  1319087,  1555147,  1275094,  1605800,  1299995,   800125,   808894,
 70|VSUBPD y<-y1 y1            |   300144,   700114,   500055,   700077,   700114,   800088,   800310,   805934,  1307913,  1559846,  1275131,  1604431,  1265622,   800162,   826617,
 71|VSUBPS x<-x1 x1            |   300107,   700077,   500055,   700077,   700077,   800236,   800236,   800199,  1312131,  1554518,  1275094,  1600102,  1264549,   800162,   810226,
 72|VSUBPS y<-y1 y1            |   300107,   704850,   500055,   700114,   700077,   800199,   800310,   800162,  1311169,  1554555,  1275205,  1600139,  1271764,   800162,   822880,
 73|VSUBSD x<-x1 x1            |   300070,   700114,   500092,   700114,   700077,   800088,   800310,   809745,  1312834,  1554444,  1275131,  1600065,  1264586,   800162,   800236,
 74|VSUBSS x<-x1 x1            |   300107,   700114,   500055,   700077,   700077,   800162,   800273,   800125,  1327338,  1554518,  1275131,  1600139,  1272430,   800125,   823879,
 75|VADDSUBPD x<-x1 x1         |   300144,   700077,   500129,   700114,   700077,   800125,   800236,   800162,  1333480,  1555147,  1275094,  1613311,  1264660,   800125,   800458,
 76|VADDSUBPD y<-y1 y1         |   300070,   700040,   500092,   704443,   700077,   800125,   817774,   800125,  1324304,  1554518,  1275131,  1604542,  1260109,   821770,   800162,
 77|VADDSUBPS x<-x1 x1         |   300181,   700077,   500129,   700114,   700114,   800125,   800273,   800236,  1324267,  1554592,  1275094,  1600139,  1264623,   800125,   800199,
 78|VADDSUBPS y<-y1 y1         |   300144,   705849,   505790,   700114,   700114,   800125,   800273,   800125,  1309800,  1554666,  1279682,  1604579,  1265622,   800125,   800310,
 79|VROUNDPD x<-x i            |   300144,   700077,   500055,   700077,   700114,   800125,   800273,   806341,  1318421,  1554962,  1275131,  1600065,  1272393,   845191,   824064,
 80|VROUNDPD y<-y i            |   300107,   700114,   500092,   700077,   700114,   800088,   800310,   800162,  1313648,  1554518,  1281976,  1600102,  1252709,   800162,   800273,
 81|VROUNDPS x<-x i            |   437118,   700114,   500092,   700077,   700114,   800088,   800310,   833499,  1306026,  1554555,  1275168,  1604542,  1264919,   800125,   800199,
 82|VROUNDPS y<-y i            |   300070,   700114,   500055,   700077,   700077,   800125,   805305,   800125,  1306026,  1554629,  1275131,  1604468,  1266621,   818329,   800199,
 83|VROUNDSD x<-x1 x1 i        |   300144,   700077,   500129,   700077,   700077,   800125,   800310,   800125,  1315091,  1555147,  1275094,  1604542,  1252709,   800162,   829725,
 84|VROUNDSS x<-x1 x1 i        |   300033,   700114,   500129,   700114,   700077,   800088,   800347,   800162,  1314684,  1554444,  1280311,  1600139,  1260146,   800162,   825433,
 85|VCVTPS2DQ x<-x             |   300070,   700077,   500055,   700114,   700077,   800162,   800310,   800125,  1312612,  1554666,  1275168,  1604801,  1266325,   800125,   824989,
 86|VCVTPS2DQ y<-y             |   300144,   700114,   500092,   700114,   700114,   800199,   800347,   800162,  1333480,  1554666,  1272726,  1600139,  1264623,   800162,   800236,
 87|VCVTPS2PD x<-x             |   300107,   700077,   500055,   700077,   700077,   800162,   800347,   800162,  1333480,  1554555,  1275094,  1600065,  1272985,   800125,   801087,
 88|VCVTPD2PS x<-x             |   300144,   700077,   500092,   700114,   700040,   800162,   800310,   800125,  1314388,  1560438,  1281569,  1600065,  1264623,   800162,   815295,
 89|VCVTPD2DQ x<-x             |   300070,   700114,   500129,   700077,   700114,   800125,   800310,   800199,  1311502,  1554518,  1275131,  1600139,  1275464,   800162,   800162,
 90|VCVTDQ2PS x<-x             |   308913,   700114,   500092,   700114,   700114,   800125,   800347,   800125,  1311391,  1554555,  1275094,  1604801,  1271394,   812557,   800347,
 91|VCVTDQ2PS y<-y             |   300107,   700077,   500092,   700114,   700077,   800088,   800273,   800199,  1310799,  1554703,  1275094,  1600102,  1272208,   800125,   800162,
 92|VCVTDQ2PD x<-x             |   300181,   700114,   500092,   700114,   700077,   800162,   800310,   800162,  1326709,  1554518,  1275131,  1604727,  1264660,   800125,   800569,
 93|VCVTPS2PH x<-x i           |   300107,   700114,   500092,   700114,   700077,   800125,   800273,   833499,  1305989,  1554888,  1281976,  1600139,  1264808,   800125,   800199,
 94|VCVTPH2PS x<-x             |   300144,   700040,   500129,   700077,   700114,   800088,   805194,   800162,  1313278,  1554629,  1275131,  1604912,  1264623,   805268,   822510,
 95|VCVTSS2SD x<-x1 x1         |   300107,   700077,   500129,   700077,   700114,   800162,   800273,   805971,  1313611,  1560290,  1275168,  1600065,  1265696,   800162,   800125,
 96|VCVTSD2SS x<-x1 x1         |   300144,   700077,   504162,   700077,   700114,   802752,   800273,   800125,  1333443,  1559846,  1275094,  1600028,  1264660,   800125,   806156,
 97|VMINPD x<-x1 x1            |   100159,   500092,   300070,   500092,   500055,   800088,   800273,   800125,  1333517,  1557515,  1255225,  1600102,  1228104,   800125,   800162,
 98|VMINPD y<-y1 y1            |   107781,   500129,   300033,   500092,   500092,   800125,   800273,   800125,  1330446,  1557034,  1255114,  1604579,  1200206,   800088,   822066,
 99|VMINPS x<-x1 x1            |   100122,   500055,   300144,   500092,   500055,   800125,   800273,   800125,  1310910,  1552409,  1260442,  1613422,  1238797,   800199,   827875,
100|VMINPS y<-y1 y1            |   100196,   500092,   300144,   500092,   500092,   800088,   800273,   800125,  1326265,  1552261,  1255114,  1605356,  1200206,   800125,   815110,
101|VMINSD x<-x1 x1            |   100196,   500055,   300144,   500055,   500055,   800125,   800310,   800162,  1333480,  1552483,  1255188,  1610277,  1228141,   800162,   809671,
102|VMINSS x<-x1 x1            |   100122,   512746,   300070,   505605,   500055,   800162,   800310,   800162,  1314647,  1552409,  1255151,  1604801,  1229288,   800199,   831427,
103|VMAXPD x<-x1 x1            |   100159,   500092,   300107,   500055,   500055,   800125,   800310,   800162,  1312353,  1552335,  1255262,  1600102,  1236355,   800162,   817219,
104|VMAXPD y<-y1 y1            |   100159,   500055,   300144,   500055,   505309,   800125,   800273,   800125,  1302955,  1552446,  1255188,  1604579,  1229362,   800125,   821770,
105|VMAXPS x<-x1 x1            |   100196,   500055,   300107,   500129,   500055,   800162,   800273,   800199,  1333517,  1552335,  1255262,  1600102,  1233469,   800199,   802012,
106|VMAXPS y<-y1 y1            |   100196,   504754,   300107,   500055,   500055,   800162,   805527,   800125,  1314425,  1552372,  1255225,  1604579,  1200169,   805786,   800162,
107|VMAXSD x<-x1 x1            |   100122,   500055,   300144,   500055,   500092,   804861,   800273,   800125,  1312501,  1552483,  1255262,  1600139,  1228178,   800125,   800125,
108|VMAXSS x<-x1 x1            |   100196,   500055,   300144,   500129,   500092,   800125,   800273,   800162,  1311058,  1552483,  1255188,  1604949,  1200169,   800199,   825840,
109|VCMPEQPD x<-x1 x1          |   100122,   500055,   300033,   500055,   500129,   800162,   800310,   800162,  1305989,  1552372,  1255151,  1600102,  1200132,   810115,   810152,
110|VCMPEQPD y<-y1 y1          |   100159,   500055,   300144,   500092,   500129,   800088,   800310,   800125,  1305989,  1552335,  1255188,  1600139,  1200169,   800162,   803973,
111|VCMPEQPS x<-x1 x1          |   100159,   500055,   300107,   500129,   500092,   800125,   800273,   800125,  1333517,  1552446,  1255262,  1604653,  1200280,   800125,   800236,
112|VCMPEQPS y<-y1 y1          |   100122,   509046,   300033,   500092,   504754,   800125,   800273,   800162,  1311835,  1552224,  1255188,  1600139,  1200243,   800125,   821733,
113|VCMPEQSD x<-x1 x1          |   100159,   500092,   300107,   500092,   500092,   800088,   800273,   800125,  1305989,  1552372,  1255262,  1600139,  1200169,   800125,   829762,
114|VCMPEQPS x<-x1 x1          |   100159,   500055,   300107,   500055,   500129,   800125,   800347,   800162,  1306026,  1562288,  1255262,  1600139,  1244754,   800125,   821289,
   |-------- Port0123 FP ------|--LATENCY--IIDOMAIN--FFDOMAIN--IFDOMAIN--FIDOMAIN-----PORT0----PORT1-----PORT01----PORT03-----PORT2----PORT12----PORT23--PORT0123----PORT45------LDs-
116|VANDPD x<-x1 x1            |   100196,   500055,   300144,   500055,   500166,  1051503,  1053871,  1252672,  1245198,  1481628,  1200169,  1200169,  1605726,   800199,  1072556,
117|VANDPD y<-y1 y1            |   100159,   500092,   300070,   504754,   500092,  1051466,  1050689,  1233469,  1245198,  1497871,  1211269,  1200169,  1600139,   806933,  1033521,
118|VANDPS x<-x1 x1            |   100196,   500129,   300107,   500129,   500055,  1051466,  1053871,  1250156,  1245161,  1491803,  1208494,  1200169,  1605837,   800125,  1033595,
119|VANDPS y<-y1 y1            |   100122,   500092,   300107,   500055,   500092,  1051503,  1056313,  1233543,  1245161,  1486216,  1211232,  1200243,  1606281,   800199,  1045213,
120|VANDNPD x<-x1 x2           |   100159,   500092,   300107,   500092,   500092,  1167831,  1192584,  1250230,  1375216,  1728899,  1283123,  1250230,  1606096,   800199,  1033558,
121|VANDNPD y<-y1 y2           |   100159,   500055,   300070,   500092,   500055,  1156361,  1190771,  1250230,  1375179,  1718132,  1250156,  1250193,  1600139,   800199,  1033484,
122|VANDNPS x<-x1 x2           |   100196,   505087,   300144,   500055,   500092,  1156361,  1192547,  1250119,  1375216,  1717799,  1250156,  1265215,  1600102,   800125,  1033521,
123|VANDNPS y<-y1 y2           |   100159,   500129,   300070,   500092,   500092,  1156361,  1192584,  1250156,  1401819,  1717318,  1250119,  1256964,  1606725,   800125,  1033484,
124|VORPD x<-x1 x1             |   100122,   500055,   300144,   500092,   500092,  1051466,  1053205,  1233469,  1240832,  1491840,  1211269,  1200169,  1600139,   800162,  1033484,
125|VORPD y<-y1 y1             |   100196,   500055,   300107,   500055,   500092,  1051466,  1053168,  1200169,  1280496,  1491914,  1211306,  1218114,  1606207,   800199,  1033521,
126|VORPS x<-x1 x1             |   100159,   500092,   300144,   500092,   500055,  1053353,  1053871,  1233469,  1245235,  1491840,  1211343,  1200169,  1605837,   800162,  1033484,
127|VORPS y<-y1 y1             |   100122,   500055,   300070,   500129,   500092,  1060383,  1081140,  1219298,  1245124,  1491877,  1211269,  1200169,  1600102,   800199,  1033521,
128|VXORPD x<-x1 x2            |   100159,   500129,   300107,   500055,   500055,  1159691,  1192547,  1250230,  1380248,  1717355,  1250119,  1250193,  1606133,   800162,  1033484,
129|VXORPD y<-y1 y2            |   100122,   500055,   300070,   500092,   500092,  1156324,  1192547,  1250156,  1375142,  1724496,  1250156,  1260923,  1600102,   800162,  1033484,
130|VXORPS x<-x1 x2            |   100159,   500129,   300144,   500092,   500055,  1156324,  1192547,  1250267,  1375142,  1729454,  1250156,  1250156,  1605948,   800125,  1033521,
131|VXORPS y<-y1 y2            |   100159,   500055,   333555,   504865,   500129,  1156361,  1192584,  1250156,  1381950,  1717392,  1265585,  1250230,  1600139,   800162,  1033521,
132|VBLENDPD x<-x1 x1 i        |   100196,   500055,   300107,   500055,   500092,  1051984,  1053908,  1225144,  1248861,  1479445,  1200132,  1237687,  1600213,   800162,  1100195,
133|VBLENDPD y<-y1 y1 i        |   100196,   500055,   300070,   500092,   500129,  1040921,  1070669,  1200206,  1235208,  1492136,  1200132,  1200243,  1610203,   800199,  1100158,
   |------- Port0123 Int ------|--LATENCY--IIDOMAIN--FFDOMAIN--IFDOMAIN--FIDOMAIN-----PORT0----PORT1-----PORT01----PORT03-----PORT2----PORT12----PORT23--PORT0123----PORT45------LDs-
135|VPAND x<-x1 x1             |   100159,   300033,   500092,   500055,   500055,  1051466,  1053168,  1233506,  1240758,  1491803,  1208494,  1200243,  1600213,   800125,  1033521,
136|VPAND y<-y1 y1             |   100159,   300107,   500055,   504865,   500092,  1053353,  1053168,  1200206,  1240758,  1496761,  1211269,  1200169,  1600139,   800162,  1033558,
137|VPANDN x<-x1 x2            |   100159,   300181,   500092,   500092,   500092,  1156361,  1192547,  1304546,  1401893,  1717392,  1250156,  1264438,  1600176,   800125,  1033484,
138|VPANDN y<-y1 y2            |   100122,   300070,   500129,   500055,   500092,  1156361,  1192547,  1250193,  1385650,  1735226,  1256742,  1250193,  1600102,   800125,  1033447,
139|VPOR x<-x1 x1              |   100122,   300070,   500055,   500129,   500055,  1053390,  1077921,  1233469,  1240869,  1492136,  1208494,  1200169,  1600102,   806526,  1040440,
140|VPOR y<-y1 y1              |   100122,   300070,   500129,   500092,   500055,  1051503,  1053908,  1233543,  1240795,  1491803,  1224478,  1200132,  1600102,   800199,  1033558,
141|VPXOR x<-x1 x2             |   100196,   300107,   500092,   500129,   500055,  1163576,  1192547,  1250230,  1375142,  1718761,  1250230,  1250193,  1605800,   800162,  1039774,
142|VPXOR y<-y1 y2             |   100196,   300144,   500055,   500092,   500092,  1156324,  1195507,  1250156,  1397934,  1718317,  1250156,  1250230,  1600102,   807229,  1033521,
143|VPBLENDD x<-x1 x1 i        |   100122,   300144,   500092,   500092,   500092,  1042808,  1053871,  1237650,  1256372,  1307839,  1200169,  1225181,  1600102,   800162,  1100232,
144|VPBLENDD y<-y1 y1 i        |   100122,   300107,   500092,   500092,   500055,  1057571,  1057090,  1200169,  1231434,  1476448,  1200132,  1200243,  1600213,   800125,  1100195,
145|VPBLENDW x<-x1 x1 i        |   100159,   300144,   500092,   500055,   500055,  1028600,  1053168,  1200169,  1251414,  1491951,  1200169,  1200169,  1605985,   800162,  1050171,
146|VPBLENDW y<-y1 y1 i        |   100159,   300181,   500055,   500092,   500092,  1040958,  1053908,  1225181,  1243089,  1479445,  1200206,  1221851,  1600139,   800162,  1066821,
147|VBLENDPS x<-x1 x1 i        |   100122,   300144,   500129,   500055,   500129,  1049061,  1053205,  1200206,  1256964,  1491840,  1200169,  1200169,  1600213,   800162,  1050208,
148|VBLENDPS y<-y1 y1 i        |   100122,   300144,   500092,   500166,   500092,  1040921,  1053168,  1231286,  1243089,  1466199,  1200169,  1228437,  1607761,   800199,  1066821,
149|VPADDB x<-x1 x1            |   100122,   300144,   500055,   500092,   500092,  1059680,  1053205,  1235911,  1251525,  1491840,  1208494,  1200169,  1600213,   800162,  1033484,
150|VPADDB y<-y1 y1            |   100196,   300144,   500129,   500092,   500092,  1053353,  1053168,  1232359,  1240758,  1491988,  1211269,  1200206,  1605726,   800125,  1040329,
151|VPADDW x<-x1 x1            |   100159,   300144,   500092,   500092,   500092,  1051503,  1053205,  1233506,  1245198,  1491803,  1208494,  1200169,  1605689,   800125,  1033484,
152|VPADDW y<-y1 y1            |   100159,   300144,   500055,   500092,   500129,  1051984,  1053205,  1233469,  1240832,  1491840,  1211306,  1200206,  1600139,   800162,  1040107,
153|VPADDD x<-x1 x1            |   100159,   305361,   500055,   500092,   500055,  1051466,  1053168,  1200206,  1245161,  1492025,  1211306,  1200206,  1606244,   800199,  1033521,
154|VPADDD y<-y1 y1            |   100122,   300070,   500092,   500055,   500092,  1051466,  1053205,  1200243,  1240758,  1491766,  1211269,  1200169,  1605800,   800236,  1033521,
155|VPADDQ x<-x1 x1            |   100159,   300107,   500092,   500092,   500092,  1051503,  1053908,  1237243,  1240832,  1492173,  1211269,  1218632,  1605578,   800162,  1033521,
156|VPADDQ y<-y1 y1            |   100159,   300107,   500055,   505642,   500055,  1051503,  1050911,  1200169,  1257741,  1491951,  1208494,  1200206,  1600102,   800162,  1033521,
157|VPSUBB x<-x1 x2            |   100196,   300144,   500092,   500055,   500055,  1156361,  1192510,  1250156,  1401856,  1717355,  1250193,  1280792,  1600102,   800125,  1033484,
158|VPSUBB y<-y1 y2            |   100196,   300144,   500055,   500092,   500129,  1159654,  1192584,  1277647,  1401893,  1717503,  1305656,  1250156,  1600176,   800125,  1033558,
159|VPSUBW x<-x1 x2            |   100159,   300070,   500092,   500092,   500092,  1156324,  1192510,  1250119,  1411772,  1717281,  1250193,  1250230,  1600176,   806526,  1033484,
160|VPSUBW y<-y1 y2            |   100159,   300033,   500092,   505457,   504717,  1162799,  1192547,  1250267,  1375734,  1719279,  1250156,  1250156,  1600102,   800162,  1033521,
161|VPSUBD x<-x1 x2            |   100122,   300033,   500055,   500055,   500055,  1156361,  1194952,  1250230,  1375253,  1718798,  1250193,  1250193,  1606170,   800199,  1033521,
162|VPSUBD y<-y1 y2            |   111555,   300070,   500055,   500092,   500055,  1156361,  1192547,  1250230,  1401819,  1717540,  1250119,  1250230,  1600176,   800162,  1033484,
163|VPSUBQ x<-x1 x2            |   100159,   300033,   500129,   500092,   500055,  1156398,  1192547,  1250156,  1375623,  1717207,  1250156,  1200206,  1600102,   800125,  1033484,
164|VPSUBQ y<-y1 y2            |   100122,   300070,   500055,   500092,   500055,  1156361,  1192547,  1250230,  1401856,  1725310,  1250156,  1250193,  1600176,   800199,  1033484,
165|VPCMPEQB x<-x1 x2          |   100159,   300107,   500092,   500092,   500092,  1156361,  1192547,  1250156,  1375179,  1718280,  1250193,  1250230,  1605689,   800199,  1044177,
166|VPCMPEQB y<-y1 y2          |   100159,   300070,   500055,   500092,   500092,  1156361,  1192584,  1250230,  1385687,  1718687,  1290930,  1258518,  1605652,   800162,  1033558,
167|VPCMPEQW x<-x1 x2          |   100122,   300033,   500129,   500092,   500055,  1156324,  1192547,  1287600,  1375734,  1717244,  1250230,  1250156,  1600102,   800199,  1033521,
168|VPCMPEQW y<-y1 y2          |   100122,   300033,   500055,   500092,   500055,  1156361,  1192510,  1250193,  1380951,  1727419,  1250230,  1250230,  1605615,   800236,  1033484,
169|VPCMPEQD x<-x1 x2          |   100233,   300033,   500092,   500092,   500055,  1156361,  1192584,  1250267,  1375697,  1717540,  1250119,  1250193,  1600102,   800162,  1057164,
170|VPCMPEQD y<-y1 y2          |   100122,   300144,   500055,   500055,   504458,  1159691,  1192547,  1250119,  1407480,  1718391,  1250193,  1269877,  1600102,   800162,  1033521,
171|VPCMPGTB x<-x1 x2          |   100159,   304066,   500129,   500055,   500166,  1159654,  1192584,  1250156,  1375142,  1717207,  1250230,  1299366,  1600139,   806341,  1033521,
172|VPCMPGTB y<-y1 y2          |   100196,   300107,   500092,   500055,   504754,  1156361,  1192547,  1250156,  1401893,  1717207,  1250230,  1250193,  1600139,   800199,  1033484,
173|VPCMPGTW x<-x1 x2          |   100159,   300144,   500092,   500055,   505124,  1156361,  1192547,  1250230,  1375216,  1723608,  1250119,  1250156,  1600102,   800162,  1033484,
174|VPCMPGTW y<-y1 y2          |   106671,   300033,   500055,   500129,   500055,  1156324,  1192584,  1257223,  1375216,  1724829,  1250119,  1250119,  1600102,   800199,  1033521,
175|VPCMPGTD x<-x1 x2          |   100159,   300033,   500055,   500129,   500055,  1156324,  1192547,  1262588,  1375142,  1717466,  1250156,  1250193,  1600139,   800162,  1033484,
176|VPCMPGTD y<-y1 y2          |   100196,   300144,   500129,   500092,   506234,  1156324,  1192584,  1250119,  1408664,  1719242,  1250119,  1250230,  1605763,   800199,  1033521,
177|VPCMPGTQ x<-x1 x2          |   100122,   300144,   500055,   500055,   500055,  1156435,  1192547,  1285121,  1385428,  1718206,  1250119,  1250230,  1608649,   808080,  1100195,
178|VPCMPGTQ y<-y1 y2          |   100122,   300107,   500129,   500055,   500129,  1155658,  1192547,  1250230,  1375253,  1717836,  1256372,  1250119,  1608501,   800236,  1050171,
179|VPMINSB x<-x1 x1           |   100159,   300181,   500055,   500055,   504643,  1035778,  1053871,  1200280,  1260664,  1491803,  1214007,  1200169,  1606059,   800199,  1033521,
180|VPMINSB y<-y1 y1           |   100122,   300144,   504532,   500055,   500166,  1051466,  1053205,  1200206,  1245161,  1491951,  1211269,  1200206,  1600139,   800125,  1040329,
181|VPMINUB x<-x1 x1           |   100122,   300107,   500055,   500092,   500092,  1051466,  1051799,  1248898,  1245198,  1492062,  1220334,  1200169,  1605578,   800125,  1033521,
182|VPMINUB y<-y1 y1           |   100122,   300070,   500055,   500092,   500092,  1051947,  1053871,  1233469,  1240869,  1486623,  1211269,  1200169,  1600102,   800162,  1033484,
183|VPMINSW x<-x1 x1           |   100122,   300070,   502164,   500055,   500055,  1051503,  1049616,  1224219,  1245198,  1491951,  1208531,  1200169,  1600213,   800162,  1033484,
184|VPMINSW y<-y1 y1           |   100159,   300070,   500055,   500092,   500055,  1067894,  1053168,  1234949,  1240758,  1491840,  1208531,  1240129,  1600213,   800199,  1033558,
185|VPMINUW x<-x1 x1           |   100122,   300033,   500092,   500092,   500055,  1051947,  1066303,  1200169,  1243533,  1500239,  1200169,  1200132,  1600176,   800125,  1100158,
186|VPMINUW y<-y1 y1           |   109187,   300033,   500055,   500055,   500055,  1037591,  1062233,  1228437,  1243533,  1333517,  1200132,  1228437,  1600139,   800162,  1050171,
187|VPMINSD x<-x1 x1           |   100196,   300181,   500092,   500055,   500055,  1037554,  1053205,  1200280,  1251414,  1491951,  1213970,  1200169,  1600176,   800125,  1033558,
188|VPMINSD y<-y1 y1           |   100196,   304732,   500055,   500092,   500055,  1051466,  1053908,  1220038,  1256150,  1492025,  1211232,  1200243,  1600139,   800125,  1033558,
189|VPMINUD x<-x1 x1           |   100159,   300107,   500092,   500055,   500129,  1051466,  1053168,  1236355,  1243607,  1491877,  1200169,  1200243,  1600139,   800162,  1100195,
190|VPMINUD y<-y1 y1           |   100122,   300107,   500055,   510415,   500129,  1052021,  1053205,  1221777,  1268471,  1346467,  1200206,  1228400,  1600176,   800199,  1050245,
191|VPMAXSB x<-x1 x1           |   100196,   300033,   500055,   500055,   500092,  1050134,  1054167,  1200280,  1251377,  1509711,  1220112,  1226698,  1600213,   800162,  1033484,
192|VPMAXSB y<-y1 y1           |   100122,   300144,   500092,   500055,   509342,  1051503,  1053908,  1200206,  1254337,  1491914,  1208457,  1200169,  1600213,   800162,  1033484,
193|VPMAXUB x<-x1 x1           |   100196,   300070,   500092,   500092,   500092,  1051984,  1053908,  1233469,  1240832,  1499869,  1211232,  1200169,  1600102,   800125,  1033484,
194|VPMAXUB y<-y1 y1           |   100159,   300107,   500055,   500092,   500092,  1053353,  1053908,  1200206,  1240795,  1491581,  1211269,  1200132,  1605541,   800162,  1033484,
195|VPMAXSW x<-x1 x1           |   100196,   300070,   500055,   500092,   500092,  1051503,  1052761,  1240314,  1240795,  1491803,  1211306,  1200169,  1600102,   806378,  1033558,
196|VPMAXSW y<-y1 y1           |   100122,   300033,   500055,   500129,   500055,  1051466,  1053871,  1200206,  1250119,  1491840,  1208494,  1200206,  1600102,   800199,  1033484,
197|VPMAXUW x<-x1 x1           |   100196,   300107,   500055,   500092,   500055,  1056831,  1053242,  1200243,  1243533,  1491840,  1200169,  1200206,  1600176,   809338,  1100121,
198|VPMAXUW y<-y1 y1           |   100122,   300107,   500092,   500092,   500129,  1036777,  1053168,  1228400,  1243533,  1483367,  1200206,  1228437,  1600102,   800236,  1050171,
199|VPMAXSD x<-x1 x1           |   100196,   300033,   500092,   500092,   500092,  1052021,  1059421,  1230620,  1251340,  1476226,  1220149,  1206755,  1600176,   800162,  1033558,
200|VPMAXSD y<-y1 y1           |   100159,   300033,   500055,   500055,   500055,  1051466,  1053205,  1233543,  1245161,  1492025,  1211306,  1200169,  1605726,   800125,  1033521,
201|VPMAXUD x<-x1 x1           |   100196,   300070,   500055,   500092,   500055,  1051466,  1053168,  1200206,  1243570,  1491840,  1200206,  1200206,  1600213,   800125,  1100158,
202|VPMAXUD y<-y1 y1           |   100159,   300107,   500055,   500055,   500055,  1036814,  1071668,  1221740,  1243533,  1473155,  1200132,  1228437,  1600102,   800125,  1050171,
   |-------- Port01 Int -------|--LATENCY--IIDOMAIN--FFDOMAIN--IFDOMAIN--FIDOMAIN-----PORT0----PORT1-----PORT01----PORT03-----PORT2----PORT12----PORT23--PORT0123----PORT45------LDs-
204|VPADDSB x<-x1 x1           |   100159,   300107,   500092,   500092,   500055,  1200132,  1200280,  1604801,  1306026,  1006511,  1255188,   800199,  1228141,   805305,   813112,
205|VPADDSB y<-y1 y1           |   100122,   300144,   500092,   500092,   500055,  1200132,  1200280,  1600065,  1306026,  1000147,  1254892,   800162,  1200169,   800125,   800162,
206|VPADDSW x<-x1 x1           |   100159,   300070,   500055,   500092,   500129,  1200095,  1200243,  1600065,  1306026,  1007103,  1255262,   800162,  1228141,   800125,   801383,
207|VPADDSW y<-y1 y1           |   100122,   300107,   500055,   500055,   500092,  1200095,  1200243,  1606429,  1305989,  1000147,  1255262,   800162,  1200169,   800125,   818958,
208|VPSUBSB x<-x1 x2           |   100122,   300144,   500129,   500092,   500092,  1200132,  1200280,  1604727,  1393827,  1006363,  1304620,   800125,  1200169,   800162,   801235,
209|VPSUBSB y<-y1 y2           |   100196,   300070,   500092,   500092,   500055,  1200095,  1200243,  1600176,  1393827,  1000258,  1304657,   800125,  1238020,   800162,   815517,
210|VPSUBSW x<-x1 x2           |   100159,   300107,   500092,   500129,   500092,  1200095,  1204313,  1600102,  1393901,  1000110,  1304620,   807229,  1200169,   800162,   800347,
211|VPSUBSW y<-y1 y2           |   100122,   300107,   500092,   500092,   500129,  1200095,  1214636,  1606022,  1393827,  1000221,  1304620,   800162,  1200169,   800125,   801827,
212|VPCMPEQQ x<-x1 x2          |   100159,   300070,   500055,   500092,   500055,  1200132,  1204350,  1600065,  1393827,  1000184,  1304657,   805601,  1206681,   805194,   800125,
213|VPCMPEQQ y<-y1 y2          |   100159,   300144,   500092,   500055,   500092,  1200095,  1200243,  1600065,  1393901,  1007214,  1304620,   800199,  1200206,   800199,   834498,
214|VPABSB x<-x                |   100159,   300107,   500055,   500092,   500092,  1200058,  1200280,  1604579,  1305989,  1000221,  1255225,   800199,  1250193,   800199,   800199,
215|VPABSB y<-y                |   100122,   300070,   500055,   500129,   500092,  1200058,  1200280,  1604653,  1305989,  1000110,  1255262,   800125,  1200206,   800162,   813223,
216|VPABSW x<-x                |   100159,   300144,   500055,   500129,   500055,  1200169,  1200243,  1600102,  1306063,  1000147,  1250082,   800162,  1200169,   800125,   800606,
217|VPABSW y<-y                |   100159,   300107,   500055,   500055,   500055,  1200132,  1204868,  1600139,  1310392,  1000221,  1255188,   800125,  1250193,   800162,   800791,
218|VPABSD x<-x                |   100196,   305028,   500092,   500055,   500092,  1200095,  1200243,  1600028,  1305989,  1000147,  1255336,   800125,  1200206,   800162,   822473,
219|VPABSD y<-y                |   100159,   300070,   500092,   500092,   500092,  1200095,  1200280,  1600102,  1306026,  1007066,  1255151,   800125,  1221851,   800125,   800199,
220|VPAVGB x<-x1 x1            |   100122,   300107,   500055,   500129,   500055,  1200132,  1200280,  1600102,  1305989,  1000147,  1255225,   800162,  1228178,   800162,   836977,
221|VPAVGB y<-y1 y1            |   100122,   300144,   500055,   500055,   500055,  1200095,  1200280,  1600102,  1305989,  1006585,  1255262,   800162,  1200243,   800125,   818218,
222|VPAVGW x<-x1 x1            |   100196,   300144,   500055,   500055,   500055,  1200058,  1200243,  1604912,  1305989,  1000221,  1255151,   800162,  1233543,   800125,   800236,
223|VPAVGW y<-y1 y1            |   100159,   300033,   500092,   500055,   500055,  1200095,  1200317,  1600065,  1306026,  1000184,  1255188,   800125,  1200169,   800125,   812742,
224|VPSIGNB x<-x1 x1           |   100159,   300181,   500092,   500092,   500129,  1200058,  1200243,  1604912,  1306026,  1000110,  1255225,   800162,  1200169,   805453,   834942,
225|VPSIGNB y<-y1 y1           |   100122,   300144,   500055,   500129,   500055,  1200132,  1200280,  1600176,  1306026,  1000110,  1255225,   805564,  1228141,   800162,   800199,
226|VPSIGNW x<-x1 x1           |   100122,   300107,   504421,   500055,   500092,  1200169,  1200280,  1600102,  1306026,  1000110,  1255188,   800162,  1233469,   800125,   800458,
227|VPSIGNW y<-y1 y1           |   100159,   300144,   500092,   500129,   500055,  1200095,  1200317,  1600065,  1306026,  1000221,  1255188,   800125,  1226476,   800125,   808635,
228|VPSIGND x<-x1 x1           |   100122,   300181,   500129,   500055,   500092,  1200095,  1224441,  1600176,  1319679,  1000147,  1250156,   800088,  1200132,   800162,   825766,
229|VPSIGND y<-y1 y1           |   100159,   300181,   500055,   500055,   500055,  1200095,  1200280,  1600139,  1310429,  1000221,  1255225,   800162,  1233469,   800125,   800199,
230|VAESENC x<-x1 x1           |   400118,   605838,   805564,   800051,   800051,  1200095,  1200280,  1605467,  1343692,  1000147,  1290116,   800162,  1287674,   800162,   800347,
231|VAESENC y<-y1 y1           |   400118,   600103,   800088,   800125,   800088,  1200095,  1200280,  1604616,  1343618,  1000110,  1293853,   855921,  1290338,   800125,   815776,
232|VAESENCLAST x<-x1 x1       |   400081,   600140,   800125,   800051,   800088,  1200095,  1200280,  1604505,  1343618,  1000110,  1290116,   850223,  1200169,   800162,   821696,
233|VAESENCLAST y<-y1 y1       |   400081,   600066,   800125,   800088,   800088,  1200169,  1200243,  1605763,  1343618,  1000184,  1300106,   850186,  1290153,   805675,   800162,
234|VAESDEC x<-x1 x1           |   400044,   600066,   800051,   800088,   800051,  1200058,  1200243,  1604579,  1343655,  1000110,  1300143,   800162,  1294001,   800162,   800384,
235|VAESDEC y<-y1 y1           |   400044,   600066,   800088,   800125,   800088,  1200132,  1200243,  1604505,  1348428,  1000147,  1300106,   850149,  1307358,   800125,   800199,
236|VAESDECLAST x<-x1 x1       |   400118,   600103,   809671,   800051,   800051,  1200132,  1200243,  1604579,  1343618,  1000110,  1300143,   850223,  1200206,   800199,   800162,
237|VAESDECLAST y<-y1 y1       |   400044,   600066,   800088,   800051,   800051,  1200095,  1200243,  1600102,  1336847,  1000147,  1300143,   850112,  1290153,   800162,   824693,
238|VAESENC x<-x1 x2           |   400118,   600103,   800088,   800051,   800051,  1373033,  1383578,  1600065,  1414473,  1104228,  1399340,  1066821,  1273281,  1093868,  1072963,
239|VAESENC y<-y1 y2           |   400044,   600066,   804491,   800051,   800051,  1366928,  1383578,  1614791,  1414436,  1104191,  1394604,  1100158,  1268471,  1096051,  1076885,
240|VAESENCLAST x<-x1 x2       |   400081,   600066,   800088,   804824,   800051,  1372959,  1383541,  1600065,  1414399,  1104265,  1394567,  1105301,  1221592,  1096051,  1077033,
241|VAESENCLAST y<-y1 y2       |   400081,   600103,   800088,   800088,   804676,  1377066,  1383578,  1605652,  1414436,  1104265,  1394567,  1100084,  1273133,  1096125,  1066821,
242|VAESDEC x<-x1 x2           |   400081,   600140,   800088,   804084,   800088,  1373070,  1383615,  1604653,  1414436,  1104228,  1394604,  1066784,  1273059,  1093794,  1066784,
243|VAESDEC y<-y1 y2           |   400118,   600066,   800051,   800051,   800125,  1367705,  1383578,  1604616,  1414436,  1104154,  1400006,  1100158,  1267176,  1103266,  1066784,
244|VAESDECLAST x<-x1 x2       |   400118,   600103,   800088,   800088,   809190,  1372996,  1369592,  1610129,  1414436,  1104228,  1394641,  1100121,  1280940,  1096125,  1066784,
245|VAESDECLAST y<-y1 y2       |   400081,   600066,   800088,   800051,   800051,  1373033,  1371331,  1600102,  1414399,  1102452,  1394567,  1100195,  1280200,  1096125,  1066858,
246|VAESIMC x<-x               |   400155,   600103,   800051,   800125,   800088,  1200058,  1200280,  1604801,  1352572,  1000184,  1290116,   800162,  1287748,   800162,   800273,
247|VAESKEYGENASSIST x-<x i    |   400081,   600066,   800088,   800051,   800088,  1200132,  1200243,  1600102,  1343618,  1000110,  1285343,   850149,  1267546,   800162,   823842,
248|VPHMINPOSUW x<-x           |   301957,   500055,   700077,   700114,   700040,  1204498,  1200280,  1600102,  1306026,  1000110,  1275131,   800125,  1265622,   800125,   802493,
249|VPERMILPD x<-x1 x1         |   300107,   500055,   700077,   700114,   700077,  1200095,  1200280,  1600139,  1305989,  1000110,  1280829,   800125,  1264586,   800125,   810633,
250|VPERMILPD y<-y1 y1         |   300107,   500129,   700077,   700077,   700114,  1200095,  1200243,  1600102,  1306026,  1000110,  1275094,   800162,  1200169,   800125,   800162,
251|VPERMILPS x<-x1 x1         |   300033,   500055,   700114,   704665,   700077,  1200132,  1200243,  1609167,  1310429,  1000147,  1281939,   800162,  1266362,   800162,   800273,
252|VPERMILPS y<-y1 y1         |   300107,   500055,   700077,   700040,   700114,  1204868,  1200280,  1600139,  1306026,  1000147,  1275168,   800199,  1260146,   800162,   819328,
   |-------- Port12 Int -------|--LATENCY--IIDOMAIN--FFDOMAIN--IFDOMAIN--FIDOMAIN-----PORT0----PORT1-----PORT01----PORT03-----PORT2----PORT12----PORT23--PORT0123----PORT45------LDs-
254|VPSLLVD x<-x1 x1           |   100159,   300107,   500055,   500092,   500092,   800125,  1035445,  1255151,   800125,  1556627,  1600102,  1255151,  1216005,   800162,   800347,
255|VPSLLVD y<-y1 y1           |   100159,   300144,   500055,   500129,   500055,   800125,   800273,  1255188,   800162,  1556590,  1600139,  1252746,  1200169,   800125,   821918,
256|VPSRLVD x<-x1 x1           |   100159,   300144,   506456,   500092,   500092,   800162,   800347,  1255151,   800162,  1556590,  1600102,  1255225,  1200169,   800125,   811743,
257|VPSRLVD y<-y1 y1           |   100196,   300107,   515299,   500092,   500092,   800125,   800310,  1250119,   800125,  1556590,  1600065,  1255151,  1200132,   800125,   800236,
258|VPSRAVD x<-x1 x1           |   100159,   300107,   500055,   500055,   500092,   800162,  1200280,  1255188,   800162,  1556627,  1605541,  1255151,  1216005,   800162,   832685,
259|VPSRAVD y<-y1 y1           |   100122,   300144,   500092,   500055,   500092,   800199,   800273,  1255151,   800125,  1556627,  1600102,  1260183,  1200169,   800162,   819365,
260|VPSLLVQ x<-x1 x1           |   100196,   300144,   500055,   500055,   500092,   800162,   800347,  1259739,   800125,  1556590,  1600139,  1255188,  1208531,   800125,   805860,
261|VPSLLVQ y<-y1 y1           |   100159,   300070,   500055,   500092,   500092,   800162,   800310,  1278905,   800125,  1556627,  1600139,  1255188,  1208531,   800162,   800458,
262|VPSRLVQ x<-x1 x1           |   100122,   300144,   500055,   500055,   500055,   800162,  1064194,  1255262,   800199,  1556701,  1600102,  1255151,  1215931,   800162,   814851,
263|VPSRLVQ y<-y1 y1           |   100159,   300107,   500055,   500055,   500129,   800162,   800310,  1260405,   800199,  1556627,  1600139,  1250896,  1200169,   800162,   800162,
264|VPSLLW x<-x i              |   100159,   300144,   500129,   500129,   500092,   800199,   800310,  1278868,   800125,  1556664,  1604727,  1255188,  1216560,   800199,   836866,
265|VPSLLW y<-y i              |   100196,   300107,   500129,   500092,   500055,   800162,  1081880,  1250082,   800162,  1556627,  1604764,  1260442,  1200243,   800162,   800199,
266|VPSRLW x<-x i              |   100122,   300144,   500055,   500092,   500092,   800162,  1200280,  1255225,   800199,  1556590,  1604579,  1255225,  1211306,   800199,   812409,
267|VPSRLW y<-y i              |   100159,   300144,   500092,   500092,   500092,   800125,   807895,  1255151,   800125,  1556627,  1600028,  1255225,  1213526,   800162,   800162,
268|VPSRAW x<-x i              |   100159,   300070,   500092,   500092,   500092,   800125,   800347,  1250193,   800125,  1556590,  1604801,  1255225,  1213489,   800125,   828208,
269|VPSRAW y<-y i              |   100122,   305287,   500055,   500055,   500055,   896251,  1200280,  1255299,   800162,  1556590,  1604801,  1255151,  1200132,   800162,   811484,
270|VPSLLD x<-x i              |   100159,   300107,   500055,   500055,   500129,   800162,  1200317,  1255225,   800236,  1556664,  1600065,  1259739,  1211232,   800125,   800199,
271|VPSLLD y<-y i              |   100122,   300144,   500092,   500092,   500055,   800273,  1160690,  1259776,   800125,  1556664,  1600139,  1255188,  1216523,   800125,   820586,
272|VPSRLD x<-x i              |   100196,   300070,   505827,   500129,   500055,   800125,   800310,  1250082,   800125,  1556664,  1600102,  1255262,  1213563,   800125,   819698,
273|VPSRLD y<-y i              |   100159,   300107,   500092,   500129,   505679,   800125,  1200243,  1255299,   800162,  1556664,  1605023,  1255188,  1218336,   800162,   830465,
274|VPSRAD x<-x i              |   100122,   300107,   500055,   500055,   500055,   800162,  1200280,  1255262,   800199,  1561326,  1600139,  1255262,  1211269,   810374,   822843,
275|VPSRAD y<-y i              |   100122,   300033,   500055,   505383,   500055,   800125,   822584,  1255188,   800125,  1556590,  1600102,  1261034,  1216560,   805971,   815221,
276|VPSLLQ x<-x i              |   100122,   308654,   500129,   500055,   500092,   807673,   800347,  1259924,   800125,  1556590,  1600102,  1255299,  1221703,   800199,   800162,
277|VPSLLQ y<-y i              |   100122,   300107,   500055,   500055,   500129,   896288,   812742,  1260109,   800162,  1556590,  1604690,  1255188,  1200132,   800162,   845635,
278|VPSRLQ x<-x i              |   100122,   300144,   500092,   504125,   500092,   800162,  1200280,  1255262,   800162,  1556627,  1600102,  1255225,  1211269,   800162,   840418,
279|VPSRLQ y<-y i              |   100159,   300070,   500055,   500092,   500055,   800125,  1150737,  1253893,   800162,  1556664,  1600139,  1255262,  1216486,   800162,   800162,
280|VPSLLDQ x<-x i             |   100159,   300033,   504384,   500092,   500092,   800162,   800347,  1250119,   819069,  1556627,  1600102,  1255151,  1221444,   800125,   835238,
281|VPSLLDQ y<-y i             |   100159,   300144,   500055,   500055,   500055,   800162,   811484,  1255299,   800162,  1556590,  1604468,  1255188,  1200169,   800162,   810411,
282|VPSRLDQ x<-x i             |   100159,   300144,   500055,   500055,   500055,   800125,  1200280,  1255262,   800162,  1556627,  1604505,  1255262,  1211269,   805231,   800125,
283|VPSRLDQ y<-y i             |   100196,   300107,   515299,   500092,   500055,   800125,   808968,  1255114,   800162,  1556627,  1609278,  1255151,  1216523,   810485,   815480,
284|VPUNPCKLBW x<-x1 x1        |   100159,   313242,   500055,   500055,   500129,   800125,   855292,  1250156,   800125,  1556590,  1604690,  1260109,  1200132,   800162,   815850,
285|VPUNPCKLBW y<-y1 y1        |   100159,   300144,   500055,   506160,   500092,   800199,   800310,  1255262,   800162,  1556590,  1600102,  1255262,  1200132,   800125,   809634,
286|VPUNPCKHBW x<-x1 x1        |   100122,   300033,   504088,   500092,   500092,   800162,  1010063,  1250156,   800162,  1556590,  1600139,  1255225,  1200169,   800125,   827024,
287|VPUNPCKHBW y<-y1 y1        |   100159,   300107,   500092,   500129,   500092,   800125,  1053390,  1255262,   800162,  1556590,  1605763,  1261108,  1200169,   800125,   833647,
288|VPUNPCKLWD x<-x1 x1        |   100196,   300033,   500129,   500055,   500055,   800125,   923446,  1255151,   800125,  1556627,  1600176,  1260479,  1200206,   800125,   800458,
289|VPUNPCKLWD y<-y1 y1        |   100122,   300107,   500055,   504754,   500129,   800162,   800347,  1255151,   800125,  1556627,  1600065,  1255188,  1200169,   800125,   824656,
290|VPUNPCKHWD x<-x1 x1        |   100159,   300144,   500092,   500055,   500092,   800162,   800273,  1278905,   800162,  1561844,  1600139,  1255151,  1200132,   800199,   812076,
291|VPUNPCKHWD y<-y1 y1        |   100196,   300070,   500092,   500092,   500055,   800125,  1131904,  1255188,   800125,  1556664,  1600065,  1255151,  1200206,   805601,   820845,
292|VPUNPCKLDQ x<-x1 x1        |   100159,   300070,   500055,   500055,   500092,   800162,   800310,  1250119,   800125,  1556590,  1600139,  1255299,  1216856,   800162,   801975,
293|VPUNPCKLDQ y<-y1 y1        |   100122,   300144,   500055,   500166,   500129,   800125,   800273,  1255151,   800162,  1556627,  1600102,  1252413,  1200169,   805527,   820475,
294|VPUNPCKHDQ x<-x1 x1        |   100196,   300107,   500092,   500092,   500055,   800125,  1083878,  1278831,   800199,  1556590,  1605245,  1255262,  1200132,   800125,   800347,
295|VPUNPCKHDQ y<-y1 y1        |   100159,   300033,   500055,   500055,   500092,   800125,   800310,  1255151,   800162,  1556553,  1600102,  1255225,  1200169,   800125,   820882,
296|VPUNPCKLQDQ x<-x1 x1       |   100122,   300107,   500166,   500055,   500055,   800125,   955562,  1259258,   800162,  1556590,  1600176,  1255151,  1205571,   809597,   807340,
297|VPUNPCKLQDQ y<-y1 y1       |   100122,   300107,   500055,   500055,   500092,   800125,   800310,  1255151,   800162,  1562325,  1604949,  1255225,  1200132,   800199,   843082,
298|VPUNPCKHQDQ x<-x1 x1       |   100122,   300033,   500055,   500055,   500092,   800199,  1075997,  1278905,   800162,  1561770,  1600102,  1255151,  1200132,   800125,   818440,
299|VPUNPCKHQDQ y<-y1 y1       |   100196,   300033,   500055,   500129,   500092,   800125,   800310,  1255188,   800125,  1556590,  1604838,  1255151,  1200169,   800125,   800125,
300|VUNPCKLPS x<-x1 x1         |   100159,   300070,   504421,   500092,   500129,   800162,   800310,  1259036,   800125,  1556627,  1604986,  1255225,  1225551,   800162,   801235,
301|VUNPCKLPS y<-y1 y1         |   100159,   300033,   500055,   500092,   500092,   800162,  1063898,  1255151,   800199,  1556627,  1604838,  1255188,  1200132,   800125,   800199,
302|VUNPCKHPS x<-x1 x1         |   100196,   300144,   500055,   500092,   500055,   800162,   800310,  1250119,   800162,  1556590,  1600139,  1255151,  1200206,   800162,   829836,
303|VUNPCKHPS y<-y1 y1         |   100122,   300144,   500055,   500055,   500055,   800199,   800310,  1254892,   800125,  1562399,  1615346,  1275908,  1200169,   800088,   809486,
304|VUNPCKLPD x<-x1 x1         |   100159,   300107,   500092,   500055,   500092,   805675,   800273,  1255447,   800162,  1556590,  1604801,  1255262,  1223775,   800162,   800199,
305|VUNPCKLPD y<-y1 y1         |   100196,   300144,   500055,   500129,   500092,   800125,   800310,  1255225,   800199,  1556701,  1600176,  1259924,  1200169,   800162,   800199,
306|VUNPCKHPD x<-x1 x1         |   100122,   300033,   500055,   500055,   500129,   800125,   800273,  1250119,   800125,  1556701,  1600139,  1260257,  1200206,   800125,   807562,
307|VUNPCKHPD y<-y1 y1         |   100122,   300181,   500092,   500055,   500092,   800162,   800310,  1260405,   800125,  1556590,  1600139,  1255188,  1200169,   800125,   812150,
308|VMOVHLPS x<-x1 x1          |   100159,   300107,   500055,   500129,   500055,   800162,   800310,  1250082,   800125,  1556590,  1600102,  1255188,  1200132,   800125,   812890,
309|VMOVLHPS x<-x1 x1          |   108447,   300107,   500166,   500129,   510526,   800162,   826321,  1254818,   800162,  1556627,  1605023,  1247455,  1200169,   800162,   816960,
310|VPACKSSWB x<-x1 x1         |   100122,   300070,   500092,   500129,   500092,   800125,   800273,  1254892,   800162,  1556664,  1600102,  1259702,  1200169,   800088,   808672,
311|VPACKSSWB y<-y1 y1         |   100159,   300070,   500055,   500055,   500055,   800125,   800273,  1255151,   800162,  1556590,  1600102,  1255225,  1200169,   800162,   810115,
312|VPACKUSWB x<-x1 x1         |   100122,   300144,   500055,   500092,   500055,   806230,   800310,  1250119,   800125,  1556590,  1600028,  1255225,  1200206,   800162,   852036,
313|VPACKUSWB y<-y1 y1         |   100196,   300070,   500055,   500092,   500092,   800125,   800310,  1255188,   800236,  1556590,  1600102,  1255188,  1200132,   800125,   809264,
314|VPACKSSDW x<-x1 x1         |   100122,   300144,   500092,   504680,   500092,   800236,   800273,  1250082,   800162,  1556627,  1600102,  1255151,  1200206,   800273,   835164,
315|VPACKSSDW y<-y1 y1         |   100159,   305213,   500055,   500055,   500055,   800162,   800310,  1255225,   800125,  1556664,  1600139,  1247825,  1200206,   807414,   816886,
316|VPACKUSDW x<-x1 x1         |   100122,   300107,   504125,   500055,   500092,   800236,   800310,  1255225,   800125,  1556627,  1600065,  1255151,  1200132,   800162,   800273,
317|VPACKUSDW y<-y1 y1         |   100196,   300144,   500092,   500092,   500055,   800162,   800310,  1250082,   806748,  1562362,  1604616,  1255225,  1200169,   800162,   822843,
318|VPERMILPD x<-x i           |   100159,   300144,   518333,   500055,   500092,   800162,   818477,  1255262,   800199,  1556775,  1600065,  1255151,  1214710,   800125,   800199,
319|VPERMILPD y<-y i           |   100122,   300033,   500129,   500092,   500092,   800125,  1200280,  1255225,   800162,  1556664,  1604727,  1255225,  1216523,   800199,   800310,
320|VPERMILPS x<-x i           |   100122,   300033,   500055,   500055,   500055,   800236,  1204868,  1257667,   800199,  1556590,  1605245,  1255225,  1213526,   800162,   800162,
321|VPERMILPS y<-y i           |   100122,   300144,   500055,   500092,   500092,   800236,  1004328,  1255262,   800162,  1556627,  1600065,  1255262,  1200169,   800125,   816368,
322|VSHUFPD x<-x1 x1 i         |   100122,   300107,   500129,   500055,   500055,   800199,  1169755,  1255262,   800199,  1556590,  1600102,  1255151,  1214784,   800162,   800458,
323|VSHUFPD y<-y1 y1 i         |   100122,   300144,   500092,   500055,   500055,   800125,   817996,  1255262,   800199,  1556627,  1600139,  1254966,  1216597,   800199,   800495,
324|VSHUFPS x<-x1 x1 i         |   100122,   300144,   500055,   505346,   500129,   800162,  1154511,  1278942,   800199,  1560919,  1604727,  1255225,  1221851,   800162,   822066,
325|VSHUFPS y<-y1 y1 i         |   100196,   300144,   500129,   500092,   500055,   800236,   998371,  1260220,   800162,  1556590,  1604912,  1255262,  1216597,   800125,   800310,
326|VPSHUFB x<-x1 x1           |   100159,   300144,   500129,   500055,   500092,   800199,   865800,  1255077,   800125,  1561104,  1604690,  1255188,  1215968,   800125,   800199,
327|VPSHUFB y<-y1 y1           |   100196,   300033,   500166,   500055,   500055,   800125,   800273,  1255188,   800125,  1556590,  1600139,  1246974,  1200132,   800125,   821955,
328|VPSHUFLW x<-x i            |   100159,   300070,   500055,   500055,   500092,   800199,  1200317,  1278868,   800125,  1556627,  1600065,  1246308,  1213452,   800125,   839789,
329|VPSHUFLW y<-y i            |   100159,   300144,   500092,   500092,   500055,   800199,  1200317,  1255225,   800125,  1556590,  1600176,  1255151,  1221555,   800162,   834239,
330|VPSHUFHW x<-x i            |   100122,   300107,   500055,   500129,   500055,   800125,   812964,  1255299,   800162,  1556664,  1600139,  1255225,  1211232,   800162,   800421,
331|VPSHUFHW y<-y i            |   100159,   300144,   500092,   500129,   500055,   800199,  1138046,  1255262,   800199,  1556590,  1600065,  1255225,  1213489,   800125,   823176,
332|VPSHUFD x<-x i             |   100159,   300107,   500055,   500055,   500092,   800236,   800347,  1250082,   800125,  1556627,  1600102,  1259813,  1213489,   800162,   828023,
333|VPSHUFD y<-y i             |   100159,   300144,   500092,   500055,   500129,   896325,  1200243,  1286564,   800125,  1571094,  1604542,  1255151,  1200132,   800125,   800458,
334|VPALIGNR x<-x1 x1 i        |   100159,   300070,   500092,   500055,   500092,   800125,   984348,  1255262,   800162,  1556627,  1600139,  1255225,  1214784,   800162,   800421,
335|VPALIGNR y<-y1 y1 i        |   100159,   300070,   500092,   500092,   500055,   800125,  1206829,  1255225,   800162,  1556590,  1604690,  1255225,  1213489,   800162,   805342,
336|VMOVDDUP x<-x              |   100122,   300070,   500129,   504273,   500092,   800199,   800310,  1250082,   800162,  1561733,  1600102,  1255225,  1200169,   800125,   800569,
337|VMOVDDUP y<-y              |   100159,   300144,   500055,   500092,   500055,   800162,  1156250,  1255225,   800125,  1556627,  1600139,  1249527,  1200132,   805527,   809634,
338|VMOVSLDUP x<-x             |   100196,   300144,   500055,   500092,   500055,   800125,   800347,  1278868,   800162,  1556590,  1600102,  1255188,  1206829,   800162,   800976,
339|VMOVSLDUP y<-y             |   100159,   300070,   500055,   500055,   500055,   805342,   800384,  1255262,   800125,  1556590,  1600102,  1255225,  1200132,   800125,   828911,
340|VMOVSHDUP x<-x             |   100159,   300070,   500055,   500092,   500092,   800199,   800273,  1254892,   800125,  1556590,  1600102,  1255151,  1211935,   800125,   800680,
341|VMOVSHDUP y<-y             |   100122,   300107,   500092,   500055,   500092,   800162,   800347,  1260775,   800162,  1556590,  1604468,  1255151,  1200132,   800125,   825470,
342|VPBROADCASTB x<-x          |   100122,   300144,   500092,   500055,   500055,   800162,   800273,  1255188,   800125,  1556664,  1600176,  1255188,  1200132,   800088,   800865,
343|VPBROADCASTW x<-x          |   100159,   300144,   500092,   500055,   500092,   800162,   800310,  1250156,   800162,  1561215,  1609315,  1255188,  1207939,   800125,   800310,
344|VPBROADCASTD x<-x          |   100159,   300107,   507418,   500055,   500055,   800199,   819883,  1255151,   800125,  1556627,  1600102,  1255225,  1216042,   800162,   800273,
345|VPBROADCASTQ x<-x          |   100122,   304288,   500055,   500092,   504791,   800125,   833795,  1255151,   800162,  1556590,  1600102,  1255262,  1200132,   800125,   800162,
346|VPMOVZXBW x<-x             |   100122,   300107,   500055,   500055,   500055,   800162,   800310,  1255225,   800125,  1556664,  1605097,  1255188,  1200132,   800125,   800421,
347|VPMOVZXBD x<-x             |   100159,   300144,   500055,   500055,   500055,   800162,   800273,  1277832,   800125,  1556627,  1600176,  1255151,  1208494,   800125,   834831,
348|VPMOVZXBQ x<-x             |   100159,   300070,   500055,   500055,   500055,   800125,   810263,  1255262,   800162,  1556553,  1600028,  1261626,  1215968,   800125,   800236,
349|VPMOVZXWD x<-x             |   100159,   300107,   500129,   500055,   500055,   800162,   800310,  1255225,   800162,  1556590,  1604801,  1240499,  1200132,   800162,   811188,
350|VPMOVZXWQ x<-x             |   100196,   300107,   500055,   500129,   500092,   800162,   800310,  1255151,   800199,  1556664,  1600102,  1265955,  1208568,   800162,   817552,
351|VPMOVZXDQ x<-x             |   100159,   300033,   500092,   500055,   500092,   800125,   800273,  1278868,   800199,  1556590,  1600065,  1255151,  1200169,   800199,   801975,
352|VPMOVSXBW x<-x             |   100159,   300144,   500055,   500055,   500055,   800162,  1200243,  1255225,   800125,  1556590,  1600065,  1255262,  1215968,   800162,   800162,
353|VPMOVSXBD x<-x             |   100122,   300144,   500092,   500092,   500092,   800125,   800273,  1255225,   800125,  1556627,  1600139,  1255225,  1200169,   800199,   800162,
354|VPMOVSXBQ x<-x             |   100159,   300144,   500055,   500055,   500092,   800162,   800310,  1255225,   800125,  1556664,  1604838,  1255262,  1200132,   800162,   802160,
355|VPMOVSXWD x<-x             |   100159,   300107,   500055,   500129,   500092,   800162,   800310,  1250119,   800125,  1556627,  1600065,  1255373,  1200169,   800125,   800495,
356|VPMOVSXWQ x<-x             |   100196,   300144,   500092,   500055,   500092,   800162,  1200243,  1254263,   800125,  1556664,  1600139,  1255151,  1215968,   800125,   824804,
357|VPMOVSXDQ x<-x             |   100122,   300107,   500092,   500055,   500055,   800162,   800310,  1255151,   800199,  1556664,  1600102,  1255225,  1200206,   800162,   851333,
358|VINSERTPS x<-x1 x1 i       |   100122,   300144,   500092,   500055,   504273,   800125,   800347,  1278905,   800199,  1556590,  1605356,  1255188,  1213452,   800199,   801346,
   |-------- Port03 Int -------|--LATENCY--IIDOMAIN--FFDOMAIN--IFDOMAIN--FIDOMAIN-----PORT0----PORT1-----PORT01----PORT03-----PORT2----PORT12----PORT23--PORT0123----PORT45------LDs-
360|VPMULHW x<-x1 x1           |   300107,   500092,   700114,   700077,   700077,   800273,   800347,  1306026,  1600065,  1000184,   800236,  1306063,  1248454,   800162,   800236,
361|VPMULHW y<-y1 y1           |   300107,   500129,   700151,   700114,   700114,   800310,   800384,  1305989,  1600139,  1000184,   800162,  1306063,  1244828,   800125,   806341,
362|VPMULHUW x<-x1 x1          |   300070,   500055,   700114,   700077,   700077,   800125,   800347,  1305989,  1600139,  1000110,   822732,  1305989,  1248417,   800162,   805305,
363|VPMULHUW y<-y1 y1          |   300144,   500055,   700077,   700114,   700114,   800162,   800384,  1306026,  1600102,  1000147,   800125,  1306026,  1244754,   800125,   800384,
364|VPMULHRSW x<-x1 x1         |   300144,   500055,   700114,   700077,   700077,   800125,   800273,  1306063,  1600102,  1000221,   800125,  1306026,  1200132,   800162,   800199,
365|VPMULHRSW y<-y1 y1         |   300070,   506123,   700114,   702075,   700077,   800236,   800310,  1306026,  1604690,  1000147,   800162,  1306026,  1256483,   800125,   801457,
366|VPMULLW x<-x1 x1           |   300107,   500129,   705257,   700077,   700114,   800199,   800384,  1306063,  1605911,  1000221,   800125,  1306026,  1246863,   800162,   800273,
367|VPMULLW y<-y1 y1           |   300144,   500055,   700077,   700040,   700077,   800162,   800310,  1305989,  1600139,  1000258,   800125,  1306026,  1248417,   800125,   833980,
368|VPMULLD x<-x1 x1           |   300070,   500092,   700114,   700114,   700077,   800125,   800273,  1306026,  1604875,  1006141,   800162,  1305989,  1248380,   800162,   800199,
369|VPMULLD y<-y1 y1           |   300107,   500055,   700114,   700114,   700114,   800199,   826728,  1306026,  1600139,  1000184,   800162,  1306026,  1246715,   800125,   800606,
370|VPMULDQ x<-x1 x1           |   300144,   500055,   700114,   700114,   700151,   800125,   800273,  1305989,  1600102,  1000110,   805823,  1306026,  1200169,   800162,   848595,
371|VPMULDQ y<-y1 y1           |   300144,   500092,   700114,   700114,   700114,   800273,   800347,  1305989,  1600065,  1000110,   812779,  1306026,  1255003,   800162,   800125,
372|VPMULUDQ x<-x1 x1          |   300107,   500092,   700114,   700077,   700077,   800162,   800384,  1306026,  1600176,  1000184,   800125,  1306026,  1244754,   800125,   877307,
373|VPMULUDQ y<-y1 y1          |   300070,   500055,   700114,   700077,   700114,   800199,   800273,  1306026,  1600176,  1000221,   800125,  1306026,  1248491,   800162,   831538,
374|VPMADDWD x<-x1 x1          |   304140,   500055,   700077,   705516,   700151,   800162,   800347,  1306063,  1605800,  1000184,   800199,  1306026,  1244717,   805231,   800754,
375|VPMADDWD y<-y1 y1          |   300107,   504643,   700077,   700077,   700114,   800236,   800310,  1306026,  1600102,  1000110,   800236,  1305989,  1248343,   800125,   800199,
376|VPMADDUBSW x<-x1 x1        |   300070,   500055,   700114,   700077,   700077,   800162,   800273,  1305989,  1600102,  1000184,   800199,  1310133,  1248380,   800162,   820031,
377|VPMADDUBSW y<-y1 y1        |   300144,   500055,   700077,   704924,   700077,   800199,   800347,  1306063,  1600176,  1000147,   805786,  1306063,  1244754,   800125,   800236,
378|VPSADBW x<-x1 x1           |   300144,   500166,   700077,   700114,   700077,   800199,   800310,  1306063,  1600028,  1000221,   800236,  1306026,  1248343,   805601,   800273,
379|VPSADBW y<-y1 y1           |   300107,   500092,   700077,   700077,   700151,   800199,   800347,  1306026,  1604505,  1000221,   806230,  1305989,  1244828,   800162,   800347,
   |----- P0 (Cross-lanes) ----|--LATENCY--IIDOMAIN--FFDOMAIN--IFDOMAIN--FIDOMAIN-----PORT0----PORT1-----PORT01----PORT03-----PORT2----PORT12----PORT23--PORT0123----PORT45------LDs-
381|VINSERTI128 y<-y x i       |   100159,   500092,   339438,   518888,   509490,  1604542,   800273,  1200095,   806748,   800125,   800199,   800162,  1000221,   800125,   800199,
382|VINSERTF128 y<-y x i       |   100159,   500092,   339438,   509453,   509490,  1600139,   800310,  1200095,   800199,   900173,   800125,   800125,  1047729,   805342,   802493,
383|VEXTRACTI128 x<-y i        |   300181,   736707,   512154,   740592,   740703,  1600102,   800310,  1200095,   800125,   900173,   800162,   800125,  1009064,   806415,   816294,
384|VEXTRACTF128 x<-y i        |   300144,   731749,   524179,   740592,   740555,  1600065,   800236,  1200095,   800125,   800162,   800199,   800125,  1000258,   800162,   800162,
385|VPERM2I128 y<-y y i        |   300144,   731268,   500055,   737743,   740666,  1604727,   800273,  1200095,   800162,   800125,   800125,   800125,  1038849,   800125,   825692,
386|VPERM2F128 y<-y y i        |   300181,   731379,   512191,   751396,   740407,  1600139,   800236,  1200095,   800162,   900099,   800162,   800088,  1056128,   800199,   813445,
387|VBROADCASTSS y<-x          |   100159,   500129,   339512,   500129,   509490,  1600139,   800310,  1200132,   805712,   900173,   800199,   800162,  1055684,   800162,   817256,
388|VBROADCASTSD y<-x          |   100159,   500055,   339401,   509453,   509490,  1604616,   800273,  1200095,   800125,   900099,   800162,   800088,  1045842,   805453,   815924,
389|VPBROADCASTB y<-x          |   100122,   500092,   339364,   509527,   509490,  1600065,   800236,  1200095,   800125,   800125,   800162,   800162,  1000221,   800125,   800125,
390|VPBROADCASTW y<-x          |   100122,   500166,   339364,   527176,   509490,  1609500,   800236,  1200095,   800125,   900099,   800125,   804750,  1045805,   800162,   800199,
391|VPBROADCASTD y<-x          |   100159,   500092,   339401,   518888,   509564,  1604690,   800273,  1200132,   800199,   807303,   800162,   809042,  1026084,   800162,   800125,
392|VPBROADCASTQ y<-x          |   100159,   500092,   339364,   518888,   509453,  1605356,   800236,  1200095,   800162,   800162,   800162,   805194,  1007954,   805712,   800199,
   |------ P1 (DIV/SQRT) ------|--LATENCY--IIDOMAIN--FFDOMAIN--IFDOMAIN--FIDOMAIN-----PORT0----PORT1-----PORT01----PORT03-----PORT2----PORT12----PORT23--PORT0123----PORT45------LDs-
394|VDIVPD x<-x1 x1            |  1300106,  1762310,  1500128,  1700113,  1757389,   993006,  1000258,  1000147,   900173,   900099,   900062,   900062,   910681,   900099,   905649,
395|VDIVPD y<-y1 y1            |  1300143,  1787655,  1518332,  1786175,  1730675,   992932,  1005919,  1000147,   900173,   900062,   900062,   900062,   920153,   900099,   900136,
396|VDIVSD x<-x1 x1            |  1309541,  1718317,  1548154,  1778997,  1700076,   992932,  1000258,  1000073,   900099,   906870,   900136,   904761,   933399,   900136,   900173,
397|VDIVPS x<-x1 x1            |  1100084,  1418321,  1218299,  1418321,  1422650,   800088,  1200280,  1000073,   800125,   800162,   800125,   800125,   972360,   800199,   800125,
398|VDIVPS y<-y1 y1            |  1100084,  1418284,  1218262,  1418284,  1418247,   800125,  1204683,  1000073,   800162,   800162,   800162,   800162,   966847,   800125,   800162,
399|VDIVSS y<-y1 y1            |  1097790,  1418284,  1218299,  1418247,  1418247,   800088,  1200243,  1000184,   800088,   800125,   800088,   805416,   900210,   800162,   800199,
400|VSQRTPD x<-x               |  2104486,  2418283,  2218224,  2418209,  2422575,  1604505,  1805452,  1730823,  1600102,  1600102,  1606170,  1600139,  1805526,  1600102,  1606133,
401|VSQRTPD y<-y               |  2104153,  2418320,  2223182,  2423019,  2423130,  1600065,  1804823,  1700150,  1600065,  1600102,  1604579,  1600065,  1810780,  1600102,  1606059,
402|VSQRTSD x<-x1 x1           |  2085875,  2418246,  2218298,  2422649,  2418357,  2010950,  2000331,  2004697,  2000072,  2005881,  2000109,  2000072,  2005067,  2004623,  2000072,
403|VSQRTPS x<-x               |  1499980,  1822620,  1618269,  1822509,  1824137,  1646574,  1805933,  1717762,  1600102,  1605985,  1600065,  1600102,  1700150,  1600139,  1605578,
404|VSQRTPS y<-y               |  1500091,  1823730,  1624078,  1824100,  1823360,  1600139,  1805896,  1700076,  1600139,  1600213,  1600102,  1600176,  1730157,  1605393,  1600102,
405|VSQRTSS y<-y1 y1           |  1481961,  1818291,  1618269,  1823582,  1826653,  1600102,  1804601,  1705515,  1604801,  1606170,  1600139,  1600176,  1689013,  1600176,  1605800,
   |-------- GPR<->VEC --------|--LATENCY--IIDOMAIN--FFDOMAIN--IFDOMAIN--FIDOMAIN-----PORT0----PORT1-----PORT01----PORT03-----PORT2----PORT12----PORT23--PORT0123----PORT45------LDs-
407|VMOVD gpr32<-x             |   604395,   800051,   900025,  1005105,   900062,   800088,   800273,   800088,   800125,   900099,   800088,   800162,   800199,  1604727,   826469,
408|VMOVD gpr64<-x             |   600066,   800051,   900062,  1000110,   904687,   800051,   800310,   800088,   800125,   800125,   800088,   800199,   800162,  1600065,   800384,
409|VMOVD x<-gpr32             |   600103,   800125,   900062,  1000036,   900062,   800125,   900321,  1006252,  1000110,  1607058,  1553260,  1556701,  1505715,   900136,  1200169,
410|VMOVD x<-gpr64             |   600066,   800088,   900062,  1000073,   900099,   800125,   900284,  1000184,  1000110,  1600176,  1553297,  1547784,  1496983,   906204,  1200132,
411|VPEXTRB gpr32<-x           |   700077,   900173,  1100084,  1100047,  1100047,   800162,   805379,   996595,   810189,  1115032,  1200132,   996558,  1000332,  1600065,   800532,
412|VPEXTRB gpr64<-x           |   700114,   900062,  1100047,  1104413,  1100084,   800088,   800310,   996632,   816220,  1125799,  1200095,   996521,  1000850,  1600176,   800606,
413|VPEXTRW gpr32<-x           |   700114,   904317,  1100047,  1100047,  1100084,   800125,   800310,   996595,   831723,  1115032,  1200132,  1001738,  1000554,  1600139,   800125,
414|VPEXTRW gpr64<-x           |   700077,   904132,  1100121,  1100121,  1100047,   800088,   800310,   996558,   810152,  1115143,  1200169,   996558,  1000665,  1600102,   843304,
415|VPEXTRD gpr32<-x           |   700114,   900099,  1100084,  1100084,  1100121,   800125,   800310,  1001368,   816812,  1125799,  1200132,   996669,  1041661,  1604431,   806711,
416|VPEXTRD gpr64<-x           |   700114,   900099,  1104228,  1100084,  1100121,   800088,   800273,   996558,   816812,  1125836,  1200132,   996595,  1000258,  1600065,   800495,
417|VPEXTRQ gpr64<-x           |   704850,   905094,  1100121,  1100047,  1100121,   800125,   800310,   996558,   800125,  1125799,  1200132,   996632,  1000591,  1600065,   814666,
418|VPINSRB x<-gpr32           |   700114,   900136,  1000036,  1100047,  1000147,  1033447,  1066081,  1143966,  1000184,  1600139,  1601064,  1573462,  1387722,  1129906,  1200169,
419|VPINSRW x<-gpr32           |   700114,   900025,  1000073,  1100121,  1000036,  1033447,  1021940,  1158211,  1000110,  1600139,  1600250,  1542863,  1383504,  1000110,  1300180,
420|VPINSRD x<-gpr32           |   704221,   904095,  1000036,  1100121,  1000073,  1039996,  1021977,  1144040,  1000147,  1600102,  1606836,  1573647,  1380211,  1130609,  1200206,
421|VPINSRQ x<-gpr64           |   700077,   900062,  1000073,  1100047,  1000147,  1033484,  1021940,  1143929,  1000110,  1606207,  1600287,  1573314,  1400191,   900136,  1200206,
422|VCVTSS2SI gpr32<-x         |  1000110,  1200095,  1200095,  1400117,  1200058,   800088,   800310,   800162,   955414,  1123135,   947866,  1200132,  1094275,  1600065,   900210,
423|VCVTSS2SI gpr64<-x         |  1000073,  1200058,  1200058,  1400080,  1200132,   800088,   800310,   800162,   950123,  1129721,   936988,  1200132,  1094682,  1604357,   800236,
424|VCVTSD2SI gpr32<-x         |  1000073,  1208494,  1200058,  1400117,  1200132,   800125,   800310,   800162,   950160,  1129684,   936988,  1200132,  1094275,  1605800,   900136,
425|VCVTSD2SI gpr64<-x         |  1000073,  1200058,  1200058,  1400080,  1200095,   800125,   800310,   800125,   950160,  1129758,   936988,  1200095,  1099640,  1604394,   824138,
426|VCVTSI2SS x<-gpr32         |  1000036,  1300069,  1200058,  1300106,  1400117,   906833,   900321,  1000110,  1407517,  1600102,  1616271,  1815812,  1387685,  1032596,  1200169,
427|VCVTSI2SS x<-gpr64         |  1000147,  1300069,  1200058,  1300069,  1400043,   900136,   900321,  1000184,  1393827,  1600102,  1593664,  1806488,  1380174,  1010248,  1200132,
428|VCVTSI2SD x<-gpr32         |  1000110,  1300106,  1200095,  1300143,  1404187,   900173,   900247,  1007806,  1388980,  1600213,  1572870,  1792280,  1406999,  1101490,  1200132,
429|VCVTSI2SD x<-gpr64         |  1000073,  1300069,  1200058,  1300069,  1404409,   900173,   900321,  1000221,  1389017,  1608723,  1606688,  1784880,  1387685,  1179338,  1200169,
430|VEXTRACTPS gpr32<-x i      |   700114,   900025,  1100158,  1100047,  1100047,   800088,   806082,   996558,   816812,  1115106,  1200095,   996558,  1000887,  1604727,   800199,
431|VPMOVMSKB gpr32<-x         |   600066,   800088,  1000147,  1000073,  1000147,   800125,   800310,   800125,   800162,   900099,   805305,   800088,   800162,  1600028,   816109,
432|VPMOVMSKB gpr64<-x         |   600066,   800051,  1000073,  1000073,  1000036,   800088,   800273,   800088,   800088,   800125,   800125,   800088,   800199,  1600065,   800162,
433|VPMOVMSKB gpr32<-y         |   800051,  1000147,  1200058,  1200058,  1200058,   800088,   800310,   800199,   800088,   900173,   800088,   800125,   800162,  1600028,   812039,
434|VPMOVMSKB gpr64<-y         |   800051,  1000073,  1200095,  1200058,  1200132,   800088,   800273,   800162,   800088,   800125,   800125,   800162,   800236,  1605097,   800828,
435|VMOVMSKPD gpr32<-x         |   600103,   800088,  1000036,  1000147,  1000110,   975098,   966958,   951936,   982646,  1036999,   950160,   942982,   966810,  1322269,  1133458,
436|VMOVMSKPD gpr64<-x         |   600103,   800088,  1000073,  1000036,  1000073,   966773,   966921,   971102,   957634,  1075072,   954008,   965293,  1000184,  1286416,  1133421,
437|VMOVMSKPD gpr32<-y         |   800051,  1000036,  1200095,  1200132,  1200058,  1000221,   994745,   971842,   998038,  1150145,   948939,   979427,  1010840,  1343211,  1261848,
438|VMOVMSKPD gpr64<-y         |   800051,  1000147,  1200095,  1204128,  1200058,   975061,   994708,   968105,  1033262,  1162614,   975172,   963443,   975172,  1599621,  1150071,
439|VMOVMSKPS gpr32<-x         |   600103,   800088,  1000073,  1000110,  1000110,   976504,   972730,   925148,   979723,   906241,   970917,   942982,   973026,  1322306,  1126428,
440|VMOVMSKPS gpr64<-x         |   600103,   800088,  1000110,  1000073,  1000073,   949531,   966958,   966181,   966588,  1050134,   954008,   970547,  1000147,  1283530,  1139082,
441|VMOVMSKPS gpr32<-y         |   800051,  1000073,  1200058,  1200058,  1200058,   991045,   994745,   971879,   981610,  1150108,   952269,   968808,  1013245,  1355421,  1033410,
442|VMOVMSKPS gpr64<-y         |   800051,  1005105,  1200095,  1200058,  1200095,   975061,  1056498,   968142,  1024900,  1162651,   975135,   965848,   975209,  1599584,  1033410,
443|VPTEST f<-x1 x1            |   810078,  1000221,  1200132,  1200169,  1200132,   809042,   800384,   995411,   825174,  1120989,  1205238,   993746,  1000739,  1200132,   856365,
444|VPTEST f<-y1 y1            |  1000110,  1200095,  1400154,  1400191,  1400154,   800199,   800347,  1026306,   812631,  1142227,  1225144,  1026269,  1092832,  1139637,   800458,
445|VTESTPD f<-x1 x1           |   800125,  1013282,  1200169,  1200169,  1200132,   816886,   800384,  1000147,   825137,  1131497,  1200206,   993746,  1006733,  1200169,   856402,
446|VTESTPD f<-y1 y1           |  1000073,  1200132,  1400154,  1400117,  1400117,   800236,   800273,  1018832,   819587,  1122506,  1209974,  1026306,  1092425,  1285861,   800125,
447|VTESTPS f<-x1 x1           |   800125,  1000073,  1200095,  1200132,  1200132,   814851,   800310,   995411,   825100,  1127020,  1200095,   993746,  1000369,  1190327,   856402,
448|VTESTPS f<-y1 y1           |  1000110,  1200095,  1400154,  1400154,  1400117,   800236,   800273,  1026269,   825063,  1122506,  1210048,  1030598,  1092536,  1318088,   834054,
449|VCOMISD f<-x1 x1           |   900173,  1100084,  1100084,  1300106,  1100158,   800125,   800310,   800125,   945350,  1127057,   967217,  1200132,  1000739,  1171716,   856365,
450|VCOMISS f<-y1 y1           |   900136,  1100084,  1100084,  1300143,  1100158,   800199,   800273,   816812,   940873,  1121026,   926517,  1200095,  1039404,  1171790,   860028,
451|VUCOMISD f<-x1 x1          |   909164,  1100195,  1100158,  1300106,  1100121,   811262,   800310,   800125,   971583,  1120915,   955636,  1200132,  1001257,  1171679,   863321,
452|VUCOMISS f<-y1 y1          |   900136,  1100121,  1100084,  1300180,  1100158,   800162,   800273,   816849,   940873,  1120915,   926443,  1200169,  1000221,  1171642,   856439,
   |---------- uCode ----------|--LATENCY--IIDOMAIN--FFDOMAIN--IFDOMAIN--FIDOMAIN-----PORT0----PORT1-----PORT01----PORT03-----PORT2----PORT12----PORT23--PORT0123----PORT45------LDs-
454|VPERMQ y<-y i              |   660894,   825359,   825100,  1025196,   838013,  1830871,  1114070,  1369962,  1141672,  1000110,  1253412,  1017167,  1257371,  1019091,   953490,
455|VPERMPD y<-y i             |   651015,   837754,   835867,  1025677,   838309,  1831204,  1118547,  1369925,  1145113,  1000147,  1258000,  1014355,  1266843,  1019017,   953527,
456|VPERMD y<-y1 y1            |   843859,  1050097,  1037591,  1205830,  1025085,  1839307,  1200243,  1600065,  1533465,  1000221,  1333702,   992710,  1307654,  1201464,  1020719,
457|VPERMPS y<-y1 y1           |   843896,  1050097,  1037554,  1200354,  1046064,  1836902,  1200243,  1600065,  1527212,  1000147,  1334183,  1108557,  1302807,  1201501,  1020645,
458|VPMOVZXBW y<-x             |   443815,   659636,   616753,   862507,   613386,  1825358,  1068486,  1372626,  1145113,  1000184,  1240166,  1026343,  1229806,  1003181,   858326,
459|VPMOVZXBD y<-x             |   450068,   638176,   649609,   850112,   645872,  1826172,  1072963,  1371701,  1139822,  1007843,  1240092,  1019424,  1233469,   954563,   882598,
460|VPMOVZXBQ y<-x             |   438265,   625300,   649646,   850038,   613423,  1834534,  1068449,  1377584,  1141006,  1000184,  1225070,  1014984,  1229806,  1003181,   857660,
461|VPMOVZXWD y<-x             |   431864,   662226,   616753,   850075,   650016,  1793390,  1068042,  1372589,  1139748,  1059865,  1240129,   964294,  1233543,  1003218,   850223,
462|VPMOVZXWQ y<-x             |   443741,   649979,   649683,   837680,   637806,  1825469,  1068486,  1372589,  1145150,  1000221,  1246456,  1014984,  1229843,  1003218,   850149,
463|VPMOVZXDQ y<-x             |   450068,   655566,   616753,   874051,   613386,  1826505,  1068005,  1372589,  1139822,  1006400,  1240129,  1019461,  1233469,  1003144,   891700,
464|VPMOVSXBW y<-x             |   431827,   637066,   616716,   850075,   612720,  1825617,  1068486,  1372589,  1145150,  1011950,  1240166,  1014873,  1229584,  1003218,   872756,
465|VPMOVSXBD y<-x             |   450068,   650090,   616716,   850038,   622895,  1821103,  1074036,  1371960,  1139896,  1000184,  1240092,  1019461,  1233432,  1003181,   850186,
466|VPMOVSXBQ y<-x             |   418914,   648943,   650090,   850038,   613423,  1833202,  1080548,  1372700,  1141820,  1000184,  1238501,  1014984,  1229584,  1003144,   850186,
467|VPMOVSXWD y<-x             |   443741,   625337,   625115,   861915,   613386,  1821103,  1068042,  1378028,  1139748,  1000110,  1240092,  1019387,  1233469,  1003292,   850186,
468|VPMOVSXWQ y<-x             |   433085,   650201,   668849,   850926,   641839,  1821214,  1068523,  1343914,  1145113,  1000147,  1251451,  1014947,  1229843,  1003144,   850186,
469|VPMOVSXDQ y<-x             |   436378,   625337,   616679,   850075,   613386,  1825025,  1072889,  1372626,  1147666,  1000221,  1240129,  1019424,  1233506,  1003144,   889924,
470|VCVTPS2PD y<-x             |   425130,   825100,   611869,   809930,   825396,  1605023,   845635,  1205238,  1040847,  1000147,  1043437,  1210973,  1200169,   800125,   900099,
471|VCVTPD2PS x<-y             |   648906,  1025085,   837569,  1037554,  1050023,  1612608,   876937,  1205682,   998223,  1132237,   982054,  1212712,  1285380,   800162,   900210,
472|VCVTDQ2PD y<-x             |   425167,   825100,   612646,   800051,   835719,  1611683,   846042,  1205201,  1009212,  1007325,  1043437,  1203129,  1255743,   800162,   800162,
473|VCVTPD2DQ x<-y             |   650090,  1035075,   837606,  1032485,  1050060,  1607909,   801161,  1205719,   990083,  1141783,   984459,  1212675,  1291337,   800125,   900210,
474|VCVTPH2PS y<-x             |   425130,   825137,   600140,   862507,   843859,  1605023,   846005,  1205238,  1035223,  1006659,  1043400,  1203166,  1248306,   800125,   900210,
475|VCVTPS2PH x<-y i           |   650053,  1030857,   837569,  1037628,  1050060,  1607946,   877011,  1205682,   996669,  1141746,   968845,  1212786,  1287378,   800125,   900136,
476|VHADDPD x<-x1 x1           |   624042,   860842,   872719,   866762,  1066340,  1600102,  1600324,  1600102,  1600102,  1880858,  1750877,  1606133,  1600139,  1606170,  1606540,
477|VHADDPD y<-y1 y1           |   623968,   867465,   872497,   866984,  1066821,  1600176,  1605911,  1606947,  1605800,  1887888,  1745253,  1600176,  1600102,  1600213,  1600139,
478|VHADDPS x<-x1 x1           |   624005,   873533,   873200,   866762,  1066340,  1605689,  1600250,  1600102,  1600213,  1880969,  1745253,  1600102,  1600176,  1605467,  1606910,
479|VHADDPS y<-y1 y1           |   624005,   878195,   868686,   867206,  1066081,  1605726,  1600287,  1600213,  1600139,  1885409,  1745660,  1600176,  1600139,  1600102,  1606577,
480|VHSUBPD x<-x1 x1           |   624005,   872756,   872978,   866799,  1065526,  1600102,  1605763,  1606725,  1606503,  1880932,  1745549,  1606059,  1600213,  1600213,  1600176,
481|VHSUBPD y<-y1 y1           |   624042,   873089,   873163,   866947,  1065563,  1606429,  1605985,  1605837,  1600102,  1879711,  1750988,  1600102,  1606614,  1606503,  1600139,
482|VHSUBPS x<-x1 x1           |   623968,   872164,   873200,   866799,  1066340,  1605911,  1600250,  1606096,  1600139,  1874494,  1751173,  1606355,  1606651,  1600213,  1607391,
483|VHSUBPS y<-y1 y1           |   624042,   872867,   872275,   866873,  1065711,  1600213,  1600361,  1600102,  1605948,  1879674,  1745586,  1600176,  1606022,  1600102,  1600213,
484|VHADDW x<-x1 x1            |   200170,   476301,   668479,   668590,   667369,  1600139,  1600250,  1600102,  1605763,  1600102,  1605911,  1606022,  1600139,  1600139,  1606540,
485|VHADDW y<-y1 y1            |   200170,   478595,   668109,   668812,   666777,  1610536,  1600324,  1606947,  1600102,  1600213,  1600176,  1600213,  1608464,  1600102,  1600139,
486|VHADDD x<-x1 x1            |   200170,   478928,   668553,   668664,   671698,  1600102,  1606984,  1606207,  1606244,  1600176,  1600213,  1600176,  1600139,  1600213,  1600139,
487|VHADDD y<-y1 y1            |   200170,   478632,   668479,   673585,   666999,  1600139,  1600287,  1600139,  1600139,  1600139,  1600102,  1600139,  1600139,  1600102,  1600102,
488|VHSUBSW x<-x1 x1           |   200096,   479150,   672549,   672327,   670551,  1600139,  1600287,  1600102,  1600139,  1600102,  1606059,  1605874,  1600139,  1606318,  1600139,
489|VHSUBSW y<-y1 y1           |   200170,   479409,   682946,   672290,   671069,  1600250,  1600287,  1600102,  1600176,  1600176,  1600139,  1600139,  1606725,  1610906,  1600139,
490|VHSUBW x<-x1 x1            |   200207,   478706,   668405,   668553,   667332,  1614162,  1613385,  1600139,  1600139,  1600102,  1600102,  1607169,  1606614,  1606614,  1600102,
491|VHSUBW y<-y1 y1            |   200096,   479002,   668035,   668775,   667110,  1600213,  1606281,  1600102,  1600176,  1600176,  1600139,  1600102,  1606614,  1600102,  1600139,
492|VHSUBD x<-x1 x1            |   200133,   478706,   668257,   669219,   667332,  1600213,  1600287,  1600102,  1606651,  1600102,  1607169,  1600250,  1600213,  1600139,  1600176,
493|VHSUBD y<-y1 y1            |   200170,   478632,   668072,   668849,   667110,  1600176,  1600324,  1606281,  1600102,  1600213,  1600139,  1600213,  1600213,  1607243,  1606688,
494|VHSUBSW x<-x1 x1           |   200133,   479113,   672845,   672253,   675065,  1600213,  1600324,  1605985,  1600102,  1600250,  1605911,  1606059,  1606540,  1609907,  1606873,
495|VHSUBSW y<-y1 y1           |   200133,   479372,   678506,   672142,   671069,  1600176,  1600287,  1600139,  1605911,  1600139,  1600102,  1600102,  1600213,  1600176,  1600102,
496|VDPPD x<-x1 x1 i           |   900062,  1300069,  1100047,  1300106,  1300106,  2400116,  2406147,  2406406,  2400190,  2409107,  2400227,  2405888,  2400116,  2400116,  2400116,
497|VDPPS x<-x1 x1 i           |  1500091,  1900061,  1700076,  1904242,  1900061,  3200130,  3206457,  3206346,  3206272,  3406257,  3200204,  3206272,  3200167,  3200130,  3306579,
498|VDPPS y<-y1 y1 i           |  1500165,  1904649,  1704701,  1904723,  1904797,  3206087,  3200315,  3206235,  3200204,  3406516,  3206272,  3206198,  3206494,  3206420,  3206642,
499|VPCLMULQDQ x<-x1 x1 i      |   423946,   673104,   866984,   864024,   866873,  1600102,  1600287,  1600102,  1600102,  1600139,  1600102,  1600102,  1600102,  1600139,  1600176,
500|VPCLMULQDQ y<-y1 y1 i      |   423872,   677470,   867243,   864320,   866910,  1606318,  1600361,  1600139,  1600139,  1600139,  1600102,  1600213,  1600213,  1605837,  1600102,
501|VMPSADBW x<-x1 x1 i        |   470751,   673215,   868205,   869278,   866873,  1600139,  1600287,  1605874,  1600176,  1600102,  1600139,  1600176,  1600213,  1600102,  1600102,
502|VMPSADBW y<-y1 y1 i        |   468494,   672697,   868094,   869907,   867095,  1606170,  1600361,  1600102,  1600102,  1600213,  1600102,  1615309,  1606466,  1606022,  1606577,
   |----------- x87 -----------|--LATENCY--IIDOMAIN--FFDOMAIN--IFDOMAIN--FIDOMAIN-----PORT0----PORT1-----PORT01----PORT03-----PORT2----PORT12----PORT23--PORT0123----PORT45------LDs-
504|FADD                       |   674658,   692011,   694157,   699189,   700077,  1500239,   800236,  1150330,   800310,   800273,   800347,   820253,  1034964,   800273,   836089,
505|FSUB                       |   622821,   700077,   700077,   700077,   700077,  1504975,   800273,  1150256,   805860,   800273,   800310,   820290,  1035038,   800236,   817478,
506|FMUL                       |   658600,   694009,   699374,   700040,   699115,  1500276,   800236,  1150256,   800273,   806711,   800310,   815369,  1073629,   800310,   816886,
507|FDIV                       |  1500165,  1504753,  1505234,  1500091,  1504753,  2500090,  3842524,  2510561,  2409588,  2407405,  2400116,  2404556,  2508711,  2400227,  2405703,
508|FSQRT                      |  2304027,  2300105,  2303842,  2305211,  2300031,  2404852,  2600249,  2556256,  2405037,  2406221,  2400301,  2404852,  2600323,  2405444,  2400301,
509|FXCH                       |   100196,   200059,   200059,   400118,   400044,   814037,   801568,   801457,   801568,   901468,   801531,   801420,  1001553,   801494,   801531,
510|FABS                       |   100122,   200059,   200133,   400044,   400081,  1013245,  1155547,  1200058,   800236,   900210,   800199,   800125,  1057904,   800125,   800125,
511|FCHS                       |   100122,   200059,   200096,   400044,   400081,   977466,  1155695,  1200095,   800236,   900173,   800199,   800125,  1060494,   800125,   800199,
512|FTST                       |   100196,   226292,   226292,   406778,   409220,   800125,  1609944,  1200132,   800125,   900099,   909719,   800088,  1048913,   800125,   800162,
513|FCOM                       |   100159,   226292,   226292,   409294,   409701,   800273,  1604616,  1200280,  1293076,   900247,  1200132,   800273,  1062122,   800273,   809338,
514|FCOMI                      |   124764,   225996,   226218,   400377,   400377,   800347,  1504309,  1150293,  1007473,  1000258,   997002,   800273,  1030376,  1126761,   850334,
515|FLD + FSTP                 |   100122,   200059,   200096,   400081,   400044,   800051,   800236,  1200169,   800162,   900136,   800125,   800162,  1037702,   800162,   800125,
516|FLDZ + FSTP                |   100122,   232508,   236319,   400081,   415214,   800088,  1280977,  1200132,   800162,   900136,   800162,   800162,  1063195,   800125,   800199,
517|FLD1 + FSTP                |   100159,   236282,   219595,   405261,   400044,   800088,  1275649,  1200132,   800162,   900173,   800162,   805305,  1078476,   800125,   800162,
518|FLDPI + FSTP               |   100196,   219595,   236171,   400081,   415436,   800125,  1282605,  1200095,   800199,   907092,   800162,   800125,  1097716,   800125,   800125,
519|FST                        |   100159,   200022,   200096,   400081,   400118,   800088,   800310,  1200169,   800125,   900099,   800125,   814555,  1010248,   800162,   813334,
520|FXAM                       |   100122,   200059,   200059,   400044,   400118,   800125,   800236,  1200095,   800162,   900136,   800199,   800125,  1035075,   800162,   800162,
521|FDECSTP                    |   100196,   200059,   200059,   400044,   400155,   806637,   800236,   800088,   800088,   900099,   800088,   800088,   800125,   800125,   800125,
522|FINCSTP                    |   100159,   200096,   200059,   400081,   400044,   800088,   800236,   805342,   800125,   900136,   800162,   800051,   800125,   800162,   832241,
523|FNOP                       |   100122,   200059,   200059,   400081,   400081,   800088,   800236,   800051,   800125,   900247,   800051,   800088,   800162,   800125,   800162,
   |---------- uCode ----------|--LATENCY--IIDOMAIN--FFDOMAIN--IFDOMAIN--FIDOMAIN---P0_1_23----P01_23----P03_12-----PORT0-----PORT1----PORT01
  1|VPERMQ y<-y1 i             |   662855,   862544,   825100,  1037887,   838013,   665926,   600251,   600288,   100159,   100122,   100122,
  2|VPERMD y<-y1 y1            |   825470,  1062566,  1050097,  1208679,  1050060,   800310,   800162,   800125,   100159,   100196,   100122,
  3|VPMOVZXBQ y<-x             |   456210,   648055,   625929,   850149,   613460,   400155,   400118,   600214,   100122,   100159,   100159,
  4|VPCLMULQDQ y<-y1 y1 0      |   423909,   672734,   866355,   865023,   867169,   500055,   400229,   606837,   100196,   100159,   100159,
  5|VMPSADBW y<-y1 y1 0        |   458652,   673215,   868242,   869907,   867835,   500129,   500166,   600214,   100159,   100122,   100122,
  6|VDPPD x<-x1 x1 i           |   900062,  1300106,  1100084,  1300106,  1300069,   900136,   900173,   900136,   100196,   100159,   100122,
  7|VPHADDD y<-y1 y1           |   200170,   478928,   673881,   668590,   667295,   200133,   200133,   300181,   100159,   100196,   100159,
  8|VHADDPD y<-y1 y1           |   623968,   872164,   872793,   867465,  1065896,   700151,   700151,   700151,   100159,   100159,   100159,
  9|VCVTPS2PD y<-x             |   418914,   812742,   600103,   800125,   812631,   500129,   500129,   600214,   100196,   100159,   100159,
 10|VCVTPD2PS x<-y             |   659488,  1044880,   867465,  1037628,  1025159,   600140,   600177,   600288,   100196,   100122,   100159,
 11|VDIVPD y<-y1 y1            |  1300180,  1700076,  1581824,  1786767,  1709289,   100122,   100159,   100159,  1300069,  1300106,  1304879,
 12|VDIVPS y<-y1 y1            |  1100047,  1423316,  1223368,  1418284,  1418321,   100159,   100196,   100159,  1000258,  1100047,  1129462,
 13|VDIVSD x<-x1 x1            |  1309467,  1709178,  1587004,  1790282,  1700076,   100159,   100159,   100159,  1300106,  1304509,  1300180,
 14|VDIVSS x<-x1 x1            |  1099603,  1418284,  1218299,  1418247,  1418284,   100196,   100159,   100159,  1000147,  1100084,  1140710,
 15|VSQRTPD y<-y1              |  2087207,  2422908,  2218261,  2418246,  2418320,   100159,   100159,   100159,  2040069,  2100046,  2000220,
 16|VSQRTPS y<-y1              |  1463424,  1823101,  1618232,  1822842,  1822805,   100122,   100159,   100159,  1400228,  1500091,  1404594,
 17|VSQRTSD x<-x1 x1           |  2104967,  2418246,  2218372,  2418246,  2418357,   100196,   100122,   100122,  2004586,  2100083,  2004734,
 18|VSQRTSS x<-x1 x1           |  1497908,  1831056,  1624041,  1818254,  1822657,   100122,   100159,   100122,  1426757,  1500091,  1400154,
 19|FSQRT32                    |  1503976,  1500017,  1406740,  1500054,  1500054,   100196,   100196,   100196,  1406148,  1500091,  1400080,
 20|FSQRT64                    |  2104042,  2100046,  2031189,  2100009,  2100046,   100122,   100196,   100159,  2007250,  2072259,  2006325,
 21|FSQRT80                    |  2300031,  2300105,  2299994,  2212970,  2299994,   100122,   100122,   100196,  2364374,  2304619,  2317051,
 22|FDIV32                     |  1089169,  1112775,  1020164,  1103673,  1100047,   100196,   100196,   100122,  1126724,  1100084,  1195951,
 23|FDIV64                     |  1300143,  1300106,  1300106,  1300143,  1360120,   100159,   100159,   100159,  1300106,  1300069,  1300180,
 24|FDIV80                     |  1504901,  1504827,  1580085,  1500165,  1504790,   100159,   100122,   100122,  1500128,  1583378,  1504716,
